sum_fit 	 max_fit 	 min_fit 
40036.758698790596 	 470.3286138536175 	 310.41794617352434 
40204.752909629104 	 477.53934897988535 	 331.6732665028577 
40207.66240162222 	 475.490630661327 	 333.4406155044119 
40394.47580018913 	 469.8439260365444 	 331.83688093810326 
40593.9553351023 	 475.3150876534379 	 335.1539494389348 
41048.35647582613 	 477.7318759667886 	 349.9839543747063 
41283.7196380333 	 480.2616201347766 	 345.5400655033618 
41494.12246816673 	 482.66630607747516 	 341.5512022453694 
41443.93957426036 	 482.295539442939 	 347.19254906262336 
41302.87003839828 	 477.2478318073791 	 349.4925887951742 
41305.125191848594 	 478.51088770899804 	 338.1510510385273 
41457.91715324585 	 482.2100472545754 	 346.2579218818157 
41835.67705088129 	 484.5357119753785 	 347.57833065449967 
42045.98462171417 	 482.5623645008498 	 345.43498048861477 
42542.542107254216 	 477.3659833320394 	 348.32436668096113 
42791.65411477236 	 475.97190919072693 	 361.10039993215617 
42782.357049076316 	 474.6868835140188 	 357.1026703162232 
42787.95372221916 	 475.10382991201396 	 363.80490913242994 
42625.257680590796 	 474.4670331485518 	 360.90532591896897 
42543.683025266546 	 473.51411173982723 	 370.06499498674503 
42491.14825143583 	 473.85624800348035 	 376.0340507600243 
42471.064084210804 	 474.66992105790047 	 374.1747963951373 
42729.741197385796 	 475.6503530156588 	 375.6926978286911 
42997.93303500128 	 474.3838782686436 	 372.41364032470835 
42975.02491772177 	 475.58608615125 	 380.1769719302045 
43340.45116798463 	 475.14775973419285 	 370.2652215352372 
43642.26221167188 	 476.45674816264375 	 370.85075249252225 
43665.61460825942 	 478.1020345921058 	 377.0885098439459 
44017.35607253484 	 478.1020345921058 	 375.4611834813953 
44166.63372273071 	 475.85338131564964 	 382.53833454978945 
44147.260632323625 	 476.9832842458637 	 376.01845019293626 
44485.73634705777 	 478.23282118015396 	 385.03941084097346 
44702.396761695956 	 477.41450499468885 	 383.7188635515181 
44881.608802378396 	 477.2066484945138 	 391.7072608873392 
44801.95308597635 	 477.5549694156905 	 388.77410805521595 
44870.0230355435 	 478.34385246051363 	 400.68988528913377 
45049.75835997051 	 479.0113999525178 	 400.7064948275305 
45354.8387821317 	 478.68683738158427 	 401.2406837565658 
45279.90892847908 	 478.8800786629277 	 409.45902593146536 
45531.41234071602 	 478.7768938983451 	 408.28632869895114 
45519.87128228432 	 478.8153861954172 	 410.13097485888954 
45418.17222166028 	 477.01036782694564 	 413.0429084340532 
45284.274730690464 	 479.3662144524131 	 422.80847456926216 
45570.9003832951 	 479.66329661369736 	 424.4827430230784 
45480.57070302918 	 479.8110159137006 	 426.7764343677619 
45334.401701999246 	 479.22373546725925 	 425.5629219009033 
45327.11963536818 	 475.8811636779209 	 423.2505684410787 
45539.70236017434 	 478.67303172211814 	 423.74861573996264 
45450.8042717247 	 479.75653625774186 	 425.95814686300236 
45531.90111509684 	 479.85804287463196 	 426.4405835583303 
45524.4080405375 	 477.9475456815183 	 425.988754716053 
45478.49081411684 	 477.8757738755756 	 425.1811824456164 
45213.550351312595 	 478.8331932089555 	 423.70939827747685 
45265.646686750115 	 480.7917393975736 	 424.442324687889 
45206.46765675554 	 479.26408664025263 	 425.2190594704243 
45202.26286812681 	 480.55427167393765 	 423.3987413491713 
45439.42277215693 	 480.77780160668436 	 427.3319072352286 
45390.335665199615 	 478.656278041447 	 427.6843771590917 
45482.762250010375 	 479.4188012810726 	 427.32513176342405 
45520.84358672213 	 479.6543689220845 	 430.38456045874875 
45588.65613168386 	 481.40151453695336 	 427.1268560277595 
45655.06185821229 	 481.5991571621734 	 428.57747118874363 
45516.04403299079 	 480.884307109977 	 427.30404835432404 
45481.63598513702 	 481.2025154393713 	 430.2630032817506 
45612.13253457303 	 481.2025154393713 	 429.1321039985046 
45678.90901649158 	 482.28142123046075 	 428.6241755488372 
45744.733266051 	 481.8810181913588 	 428.6584238794136 
45743.861155982144 	 481.08449623981807 	 430.16632022110105 
45857.56731291106 	 481.9842029559413 	 429.32139411112337 
45943.24168444741 	 481.9842029559413 	 428.3544398527684 
45892.3229435636 	 481.9842029559413 	 428.02391076571797 
45878.69443327118 	 481.0417435163568 	 429.03737545027536 
46106.34265508858 	 481.6636095745838 	 430.16229128284124 
46215.1124981023 	 482.1716884765523 	 430.77645749808835 
46408.84898030487 	 482.1716884765523 	 434.2975437816268 
46452.01573441848 	 482.1716884765523 	 439.00620722157663 
46363.988518006685 	 482.1716884765523 	 438.7900264382883 
46431.889132931195 	 482.3846059950433 	 441.23225998879684 
46331.49206581502 	 482.0474416286444 	 444.7347169178178 
46507.28102820067 	 481.7478247749602 	 445.38201772493926 
46528.42640445609 	 481.7478247749602 	 446.39769168474174 
46411.61228929309 	 482.28142123046075 	 446.2333727231785 
46460.09928601751 	 481.0282865033776 	 445.31997496425623 
46309.68959463864 	 481.7478247749602 	 444.5338514363265 
46511.87627890643 	 482.3846059950433 	 444.6207190063819 
46419.800580251474 	 480.88601150983874 	 444.75402537759857 
46367.304261694575 	 480.65700949801914 	 444.5338514363265 
46339.35201851581 	 480.8178897348553 	 445.3274838330404 
46382.217110852274 	 481.92724138041075 	 445.15736503350695 
46528.48167341121 	 482.1716884765523 	 445.38671373040734 
46511.729296744845 	 482.3846059950433 	 446.88968446665643 
46476.531228251835 	 482.3846059950433 	 444.87997672310814 
46579.288046736954 	 482.21147525928257 	 445.94543450678265 
46542.88743889913 	 482.3846059950433 	 445.3127407264967 
46523.72189153698 	 481.9842029559413 	 444.6105015160498 
46497.84816369219 	 482.3846059950433 	 445.6295656263932 
46589.51713022734 	 482.21147525928257 	 444.27780900596645 
46544.98946513456 	 481.0521220373669 	 444.7616155329096 
46429.348973062544 	 481.8810181913588 	 443.9596374754792 
46428.162116248655 	 482.28142123046075 	 444.2563310199061 
