sum_fit 	 max_fit 	 min_fit 
40176.29401588293 	 473.77673264673035 	 326.2283134526995 
40569.78137043876 	 472.7227267692738 	 342.1512003737916 
41051.69227775873 	 473.4632493524417 	 338.767653737076 
41221.16948247109 	 477.1068293589599 	 349.21531832499727 
41294.62461533202 	 480.6292454932444 	 345.3458199998144 
42010.74418789767 	 483.0750341317612 	 352.4577277816744 
42178.5976298613 	 484.6218851330382 	 352.8620221213123 
42060.016706215305 	 485.5586752110939 	 358.4542255667709 
41874.083660646924 	 485.5586752110939 	 344.91493982927045 
42381.92925262009 	 486.53651806836615 	 355.33495315292816 
42850.24854195032 	 488.25353783827296 	 356.40921412898786 
42855.432307195835 	 487.43392175895485 	 353.5381447358526 
43433.86176180032 	 487.43392175895485 	 357.7605944006888 
44338.8683463017 	 488.2596975673589 	 360.10146902085546 
44829.60145839972 	 488.6759339883737 	 364.77768384152955 
45322.34985009571 	 488.6759339883737 	 370.5778324001016 
45829.589644665306 	 488.6759339883737 	 383.0244480970207 
46033.23198305808 	 488.6759339883737 	 391.16760051176686 
45949.330944374495 	 488.6759339883737 	 386.8966592129883 
46018.12408841775 	 488.8302973391149 	 386.79134531192017 
45707.34134862146 	 489.3395395953682 	 405.52713990736873 
45798.98480665301 	 489.6546076432237 	 417.7643269677515 
45752.363996297274 	 489.6546076432237 	 413.85687791125173 
46202.53242481267 	 489.6546076432237 	 422.53255515366624 
46446.870573539716 	 489.6546076432237 	 421.13463897145385 
46644.76347787952 	 489.6546076432237 	 425.33352673411554 
46813.17348676554 	 489.6546076432237 	 423.8406542466812 
47115.444495357144 	 489.6546076432237 	 426.42715988883464 
47271.404111451986 	 489.6546076432237 	 432.94251549223804 
47401.90410261729 	 489.6546076432237 	 431.1119055815293 
47470.88349972015 	 489.6546076432237 	 443.07971071290945 
47374.54607358462 	 489.6546076432237 	 443.07971071290945 
47554.055926133864 	 489.6546076432237 	 443.29122418519717 
47516.41312755889 	 489.6546076432237 	 443.07971071290945 
47463.51405528278 	 489.6546076432237 	 443.07971071290945 
47539.39334555379 	 489.6546076432237 	 444.9103206236182 
47693.04242667051 	 489.6546076432237 	 444.9103206236182 
47816.18276457005 	 489.6546076432237 	 456.5465348204825 
47861.340518273115 	 489.6546076432237 	 459.0463791479408 
47878.340416236206 	 489.6546076432237 	 456.5465348204825 
47903.0482258644 	 489.6546076432237 	 457.34981858714855 
48052.40686990962 	 489.6546076432237 	 455.3345675197504 
48157.439786929564 	 489.6546076432237 	 455.5460809920381 
48135.28749829295 	 489.6546076432237 	 458.2536929908281 
48117.95191527725 	 489.6546076432237 	 465.2884416085065 
48050.994416181115 	 489.6546076432237 	 463.2177168017559 
48015.53669217757 	 489.6546076432237 	 470.2932187745698 
48017.31941041976 	 489.6546076432237 	 472.3619800944491 
48059.65240243858 	 489.6546076432237 	 472.3619800944491 
48132.932023131725 	 489.6546076432237 	 472.3619800944491 
48075.87445687754 	 489.6546076432237 	 473.5447882428215 
48112.35549093572 	 489.6546076432237 	 473.5447882428215 
48102.4059607529 	 489.6546076432237 	 473.5447882428215 
48024.156905864525 	 489.6546076432237 	 473.5447882428215 
48048.96148699556 	 489.6546076432237 	 475.2603810797725 
48039.20111232125 	 489.43633249470963 	 473.5447882428215 
48022.42900230729 	 489.43633249470963 	 475.2603810797725 
48091.00867562266 	 489.6546076432237 	 473.5447882428215 
48147.37392997451 	 489.6546076432237 	 473.5447882428215 
48149.362799327464 	 489.6546076432237 	 473.5447882428215 
48133.48948819925 	 489.6546076432237 	 473.5447882428215 
48096.257618460295 	 489.6546076432237 	 473.5447882428215 
48137.9344220813 	 489.6546076432237 	 475.2603810797725 
48145.07525402901 	 489.6546076432237 	 475.2603810797725 
48216.86116470414 	 489.6546076432237 	 473.5447882428215 
48268.67933930467 	 489.6546076432237 	 475.2603810797725 
48195.81082553333 	 489.6546076432237 	 475.2603810797725 
48246.82277601774 	 489.6546076432237 	 473.5447882428215 
48337.727286702386 	 489.6546076432237 	 473.5447882428215 
48287.714119279524 	 489.6546076432237 	 475.5491636048931 
48337.26309475704 	 489.6546076432237 	 475.5491636048931 
48395.76517085462 	 489.6546076432237 	 475.5491636048931 
48499.9632035276 	 489.6546076432237 	 475.5491636048931 
48508.022498681734 	 489.6546076432237 	 475.5491636048931 
48544.333644912826 	 489.6546076432237 	 475.5491636048931 
48595.24631282563 	 489.6546076432237 	 476.2583017376621 
48640.83645877868 	 489.6546076432237 	 476.4073094512696 
48674.08358409679 	 489.6546076432237 	 481.8228015362997 
48680.32152863176 	 489.6546076432237 	 481.2666280309046 
48690.72779831727 	 489.6546076432237 	 481.53971994739607 
48719.2093157142 	 489.6546076432237 	 481.53971994739607 
48725.41682809267 	 489.6546076432237 	 481.9384170347041 
48694.714274159574 	 489.6546076432237 	 481.68872766100355 
48626.29161222595 	 489.6546076432237 	 480.83058181462707 
48591.84616960042 	 489.6546076432237 	 480.83058181462707 
48620.47197355563 	 489.6546076432237 	 480.83058181462707 
48629.42642676453 	 489.6546076432237 	 480.83058181462707 
48609.720695561075 	 489.6546076432237 	 480.83058181462707 
48656.27532869784 	 489.6546076432237 	 480.83058181462707 
48593.45595659985 	 489.6546076432237 	 480.83058181462707 
48598.82465755172 	 489.6546076432237 	 480.83058181462707 
48594.96205773481 	 489.6546076432237 	 480.83058181462707 
48567.14771705352 	 489.6546076432237 	 480.83058181462707 
48600.65299827308 	 489.6546076432237 	 481.53971994739607 
48609.87505062112 	 489.6546076432237 	 480.83058181462707 
48596.06146760697 	 489.6546076432237 	 480.83058181462707 
48555.474015615546 	 489.6546076432237 	 481.68872766100355 
48509.17860478054 	 489.6546076432237 	 481.68872766100355 
48518.62508180025 	 489.6546076432237 	 481.68872766100355 
48481.034791017344 	 489.6546076432237 	 481.68872766100355 
