sum_fit 	 max_fit 	 min_fit 
39882.416914219684 	 462.9106785487949 	 324.9288653587742 
40340.86293372606 	 462.9106785487949 	 326.1633098363267 
40242.51343223125 	 463.66581081733796 	 334.6126826525982 
40382.28306353735 	 465.28561663885483 	 336.99025049000807 
40493.18799443303 	 465.76464893685375 	 353.7217842444295 
40856.97747346804 	 466.08771214039746 	 355.6987889367937 
40993.05703543021 	 467.9086609035602 	 358.34007153732824 
41712.60208878045 	 467.9086609035602 	 356.28064499866275 
42286.215747549155 	 467.9086609035602 	 361.2501981643901 
42751.88862374773 	 468.3118426928895 	 373.5442667738915 
42885.755128904944 	 470.63735120041133 	 373.10948723451264 
43576.83798852136 	 470.63735120041133 	 378.35647541644784 
44065.88987317537 	 470.63735120041133 	 381.9870856011753 
44516.812364111196 	 470.63735120041133 	 388.42102480422096 
44758.21903331322 	 470.63735120041133 	 387.1489616593824 
44906.15560828644 	 470.63735120041133 	 385.90445959970947 
44938.86785511774 	 470.63735120041133 	 399.1682378197823 
45245.107886137266 	 470.63735120041133 	 405.69349527142987 
45454.204315305054 	 470.64145879914554 	 405.69349527142987 
45490.38077789528 	 470.64145879914554 	 404.03511112928646 
45704.9933461428 	 470.93404317346443 	 409.75666497017966 
45980.53450559149 	 470.93404317346443 	 422.2132414540905 
46066.880273805014 	 471.20049645675937 	 424.20499461522144 
46115.66018878328 	 471.20049645675937 	 424.20499461522144 
46257.39691735833 	 471.20049645675937 	 437.73403879424114 
46202.775661189 	 471.20049645675937 	 437.73403879424114 
46140.05063194466 	 471.20049645675937 	 437.73403879424114 
46227.14841550126 	 471.20049645675937 	 437.73403879424114 
46197.299296431 	 471.20049645675937 	 447.188107466819 
46393.68055243652 	 471.20049645675937 	 452.3698383854484 
46392.01835050942 	 471.20049645675937 	 452.3698383854484 
46259.61652652847 	 471.20049645675937 	 452.3698383854484 
46153.09236626183 	 471.20049645675937 	 452.3698383854484 
46176.762875297805 	 471.20049645675937 	 452.3698383854484 
46089.900317135674 	 471.20049645675937 	 452.3698383854484 
46207.25735375706 	 471.20049645675937 	 452.3698383854484 
46290.14179414103 	 471.20049645675937 	 452.3698383854484 
46254.89481742618 	 471.20049645675937 	 452.3698383854484 
46221.78029883555 	 471.20049645675937 	 453.591882973662 
46277.68269298156 	 471.20049645675937 	 453.591882973662 
46326.59563050501 	 471.20049645675937 	 453.591882973662 
46339.55030790116 	 471.20049645675937 	 453.591882973662 
46295.471232225405 	 471.20049645675937 	 458.3854912652158 
46308.51760291905 	 471.20049645675937 	 458.3854912652158 
46283.91803023932 	 471.20049645675937 	 458.3854912652158 
46326.09612474484 	 471.20049645675937 	 458.3854912652158 
46302.83617807386 	 471.20049645675937 	 458.3854912652158 
46372.30489111233 	 471.20049645675937 	 458.3854912652158 
46419.94180097271 	 471.20049645675937 	 458.3854912652158 
46479.58061534081 	 471.20049645675937 	 458.3854912652158 
46468.917878454275 	 471.20049645675937 	 458.3854912652158 
46438.2626321267 	 471.20049645675937 	 458.3854912652158 
46482.375487652935 	 471.20049645675937 	 458.3854912652158 
46421.652810439264 	 471.20049645675937 	 458.3854912652158 
46339.03922689802 	 471.20049645675937 	 458.3854912652158 
46286.803877598475 	 471.20049645675937 	 458.3854912652158 
46332.84656914779 	 471.20049645675937 	 458.3854912652158 
46445.75557625087 	 471.20049645675937 	 458.3854912652158 
46426.72651597501 	 471.20049645675937 	 458.3854912652158 
46386.25578831403 	 471.20049645675937 	 458.3854912652158 
46452.970461185185 	 471.20049645675937 	 458.3854912652158 
46498.86994641543 	 471.20049645675937 	 458.3854912652158 
46507.42976038263 	 471.20049645675937 	 458.3854912652158 
46476.36216756807 	 471.20049645675937 	 458.3854912652158 
46443.26602317749 	 471.20049645675937 	 458.3854912652158 
46459.88588782333 	 471.20049645675937 	 458.3854912652158 
46602.01077736993 	 471.20049645675937 	 458.3854912652158 
46580.94437930874 	 471.20049645675937 	 458.3854912652158 
46610.32416420216 	 471.20049645675937 	 458.3854912652158 
46677.18450035492 	 471.20049645675937 	 458.3854912652158 
46702.30535584174 	 471.20049645675937 	 458.3854912652158 
46776.56436507782 	 471.20049645675937 	 458.3854912652158 
46829.793898305375 	 471.20049645675937 	 458.3854912652158 
46865.007815957884 	 471.20049645675937 	 458.3854912652158 
46928.93514573254 	 471.20049645675937 	 458.3854912652158 
46950.162128396405 	 471.20049645675937 	 458.3854912652158 
46958.72152415659 	 471.20049645675937 	 460.20622105919557 
46961.79624061774 	 471.20049645675937 	 458.3854912652158 
46952.66435487307 	 471.20049645675937 	 458.3854912652158 
46944.61201237474 	 471.20049645675937 	 460.47297359790457 
46969.131110553244 	 471.20049645675937 	 460.47297359790457 
46992.16625996663 	 471.20049645675937 	 460.47297359790457 
47026.074030903 	 471.20049645675937 	 466.5496082454567 
47058.47779016677 	 471.20049645675937 	 466.5496082454567 
47037.292234818524 	 471.20049645675937 	 466.5496082454567 
47033.89893114485 	 471.20049645675937 	 466.5496082454567 
47044.34143021574 	 471.20049645675937 	 466.5496082454567 
47064.29826529752 	 471.20049645675937 	 470.63735120041133 
47064.861410553865 	 471.20049645675937 	 470.63735120041133 
47064.861410553865 	 471.20049645675937 	 470.63735120041133 
47065.987701066566 	 471.20049645675937 	 470.63735120041133 
47065.42455581022 	 471.20049645675937 	 470.63735120041133 
47064.29826529752 	 471.20049645675937 	 470.63735120041133 
47064.29826529752 	 471.20049645675937 	 470.63735120041133 
47064.29826529752 	 471.20049645675937 	 470.63735120041133 
47065.42455581022 	 471.20049645675937 	 470.63735120041133 
47064.861410553865 	 471.20049645675937 	 470.63735120041133 
47065.987701066566 	 471.20049645675937 	 470.63735120041133 
47064.29826529752 	 471.20049645675937 	 470.63735120041133 
47065.42455581022 	 471.20049645675937 	 470.63735120041133 
