sum_fit 	 max_fit 	 min_fit 
39888.373321740466 	 467.236865675379 	 323.8302899821924 
40320.28806079599 	 468.5734259099835 	 325.5147082704558 
40498.35569171805 	 472.10001464480706 	 332.7127162077293 
40645.646533823645 	 476.0545522227319 	 329.89234347792 
41146.111519130514 	 477.29702913352685 	 336.01462855395084 
41722.161518488996 	 478.71889117132986 	 339.1982944478932 
42057.20771374984 	 481.5351297158734 	 345.5743445707264 
42594.59197352442 	 481.0081587274119 	 360.0881124469662 
42590.992880461126 	 483.98466096607444 	 357.9690110909237 
42875.792231076906 	 483.98466096607444 	 361.1588527812819 
42502.94385296385 	 484.57055561097695 	 361.45285906045774 
42621.94347794664 	 485.9113705742882 	 362.0824676756473 
42768.17483110775 	 485.3166014291619 	 358.08861895381153 
43093.42046122384 	 486.8929685753693 	 359.39527978970636 
42909.18573604629 	 488.1618171723551 	 351.9952623745352 
43263.467771709125 	 483.2443106863982 	 354.12401126671864 
43472.40689914445 	 489.35677659337375 	 353.3669877601993 
43969.075573131326 	 490.0135191128364 	 356.68994901630566 
44720.62178842425 	 490.83533861139824 	 369.06885343164015 
44813.88234284957 	 491.0327376803758 	 385.51247007179984 
45229.635737872246 	 489.9048459499055 	 390.25028181853986 
45371.954858614336 	 490.78535550386243 	 384.0947480672153 
45246.51248731767 	 490.78535550386243 	 393.98377941748004 
45618.53061235084 	 491.24998854531106 	 401.0961152358593 
45246.429517361394 	 490.29704184031897 	 396.4400740835429 
45261.71649687471 	 488.15648966054476 	 392.77350786141096 
45775.263341830665 	 487.72688145365487 	 402.3086282802779 
45834.62874144661 	 489.1316777454151 	 401.6204784700044 
45795.19566860725 	 491.1686527162283 	 407.313964490917 
45917.62393101046 	 491.1686527162283 	 410.1246923597196 
46052.59014291267 	 493.7327993173908 	 410.87894809652823 
45932.46594350943 	 494.43008453950955 	 412.91985288425235 
45832.26410349695 	 488.94849939923125 	 421.40337943890563 
46023.80968870172 	 491.51376955889646 	 423.700298172296 
46097.07251642185 	 491.1457572001158 	 424.2827376716417 
46388.28305763042 	 492.1261654069318 	 423.2459139394705 
46040.659241300236 	 493.0812157728585 	 425.26079284046546 
45980.91982183387 	 493.0812157728585 	 425.96730740196267 
46002.6783976098 	 493.8388737035493 	 422.9697851668558 
46102.51651258067 	 493.0885640201161 	 427.48747514164575 
46098.61763035351 	 490.7843795216975 	 421.88110708130574 
46301.72019883621 	 490.32226885136174 	 422.9399354440419 
46195.736162623565 	 492.454383652944 	 424.2108890464824 
46411.60231738851 	 493.2560454330804 	 426.4633971176057 
46583.16141130044 	 495.0075203107246 	 425.9140534858576 
46621.818662546255 	 494.0939656141847 	 424.7782077121229 
46896.92238098265 	 494.0939656141847 	 429.58528398123383 
46862.602820791166 	 492.4007181182613 	 427.6670578374127 
46986.53408410749 	 492.7300891151157 	 439.1714704954263 
46933.226743341125 	 492.7300891151157 	 448.4892460916415 
46959.45077808491 	 493.3114108453991 	 447.80140239813704 
47041.4960995862 	 491.6580950967641 	 448.474122777321 
46929.53251452329 	 492.2838650292415 	 449.28496545032226 
46978.32526317922 	 492.36430585856215 	 449.2941852247396 
46813.63299928502 	 492.36430585856215 	 446.4384567903459 
46847.12764857254 	 492.36430585856215 	 447.29646260144784 
46900.02857278431 	 492.36430585856215 	 449.40589115533805 
46792.64883678626 	 492.36430585856215 	 449.57231954967705 
46734.19517592885 	 492.36430585856215 	 448.1102723227161 
46675.95101964471 	 492.36430585856215 	 447.6293558169931 
46747.23278420686 	 492.36430585856215 	 446.6132407809659 
46913.7156772006 	 492.36430585856215 	 446.03414745306696 
46938.877608269104 	 492.36430585856215 	 447.7933856384138 
46918.45016638473 	 492.5637367247191 	 446.42873211389906 
47033.70504537956 	 492.5637367247191 	 449.33178882540494 
47049.882195154336 	 492.11535386368064 	 446.0471156737196 
46950.86368195247 	 492.308678611021 	 445.8943792356833 
46986.2227879239 	 492.308678611021 	 447.1762169037241 
47106.52193308603 	 492.308678611021 	 446.52185241194036 
47259.8958906271 	 491.95489728614837 	 448.28297418002114 
47240.87510004577 	 491.95489728614837 	 448.0961890153071 
47277.61296258573 	 492.26017679656627 	 447.5588080820883 
47294.87929332722 	 493.1894050729683 	 448.4009481122342 
47256.675667458956 	 493.1894050729683 	 448.34185514740693 
47276.370464499545 	 491.39490910686385 	 449.9047286888092 
47203.62515991794 	 493.06790017814177 	 450.0779546864932 
47268.146955451724 	 493.06790017814177 	 449.10702645984554 
47323.553480983144 	 491.67045958108105 	 452.33115625386336 
47335.61371240847 	 491.7831960058028 	 453.1724761881871 
47308.74003547234 	 492.00130124826165 	 449.5477807890373 
47130.20742842613 	 492.5637367247191 	 449.4756664972056 
47265.45174698237 	 492.5637367247191 	 449.66726296422877 
47233.002058626254 	 490.9447923189557 	 448.2295548016294 
47240.49729237353 	 491.9010176108593 	 448.98673306561955 
47261.097708746725 	 492.5637367247191 	 449.81935807116696 
47162.30958724354 	 492.5637367247191 	 449.20743055267 
47009.67635905831 	 491.6378312225045 	 448.69793947685747 
47074.82078526243 	 492.2950255674518 	 449.01210932561844 
47144.4991510446 	 491.2907543502522 	 449.96021117353666 
47245.77312253914 	 492.8836483539599 	 450.26540212777 
47044.156229332126 	 492.8836483539599 	 449.94553119108105 
47202.42852455082 	 493.06790017814177 	 449.54171773979505 
47101.866041461464 	 492.9782392203906 	 447.9086800888247 
47306.256932361815 	 492.9782392203906 	 451.14418485282545 
47058.6487328426 	 492.9782392203906 	 449.7069228945539 
47013.82985917582 	 492.9782392203906 	 449.6268739290928 
46888.13292448155 	 492.9782392203906 	 450.99018294164097 
46949.788482262025 	 492.9782392203906 	 449.70733365578843 
46977.73420840461 	 493.0699248749254 	 449.30727148185787 
46847.50452413556 	 493.0699248749254 	 449.8537632281968 
