sum_fit 	 max_fit 	 min_fit 
40137.89090560219 	 476.6840700999586 	 326.0717240125768 
40622.04239945002 	 474.71094748159953 	 321.4288239897022 
40542.84437138441 	 479.6852527150621 	 314.8992497254301 
40728.937963469994 	 479.9472043641008 	 319.9144926902195 
40388.88097876158 	 479.9472043641008 	 322.1667257896375 
40191.47171170163 	 480.92648625031575 	 319.76076013393083 
40634.707945335686 	 480.92648625031575 	 331.64058746634885 
40662.19983975786 	 482.96182707263506 	 329.07374504316977 
40859.38566933356 	 484.4158107183491 	 336.53036905409056 
40991.258282703915 	 478.45301707614055 	 340.7015704508044 
41150.785077568544 	 480.4393782294254 	 338.2222707951336 
42147.02693955415 	 473.9967478592906 	 350.85990287745386 
41863.98590474518 	 473.0167795441881 	 349.33913733766565 
42162.97087636393 	 478.2338825777399 	 352.73100462519494 
42321.03883223175 	 477.2796712850555 	 353.5640739201299 
42235.74655257893 	 476.892871193786 	 357.97017252977315 
42717.51544125424 	 479.56034796265766 	 367.50520848336697 
43134.1751108802 	 479.95392019907763 	 364.83135939681955 
43308.61103756222 	 482.06188107603475 	 371.00649102250355 
43474.50734529516 	 481.5850156893848 	 364.23489591688104 
43539.11596620875 	 481.5850156893848 	 371.4865030279053 
43192.69369444401 	 481.88576239262386 	 375.36937721414586 
43576.763204830786 	 481.58779300359447 	 373.85038869677726 
44005.57967365062 	 481.77664141449594 	 382.2057682255819 
44139.79432814244 	 482.8180979651852 	 387.8476209170042 
44052.258732943024 	 482.8180979651852 	 387.89781589376474 
43998.19496071444 	 481.1972762911728 	 392.1988265519957 
43833.30933451499 	 479.33953074510805 	 384.3341727090608 
43804.4416503562 	 477.62685139796133 	 394.42995524049275 
44024.89126496783 	 478.49679373864825 	 396.8376314769272 
44266.99826234066 	 477.58986280683325 	 403.72716546054585 
44432.701129525834 	 479.4826283661938 	 406.00072232069215 
44626.440934855375 	 481.20705710417576 	 401.9861450379456 
44711.260450608315 	 481.3763169058569 	 401.22777066009354 
44786.8378867553 	 480.47343411974555 	 399.810635913311 
44904.75277962138 	 481.46030069282807 	 402.47735088368563 
44882.55750927406 	 481.73808600397405 	 403.1233165226345 
45321.74733943697 	 481.72242251877316 	 398.22046145462207 
45505.137856232664 	 481.74305024165477 	 399.46632832666415 
45298.16987912063 	 482.38314496670404 	 405.79624068960476 
45481.35100044341 	 481.74305024165477 	 404.3587021950184 
45283.742963722485 	 481.89430480941974 	 403.7157955372578 
45278.28753519237 	 481.89430480941974 	 403.1841764344592 
45382.287262277845 	 481.89430480941974 	 411.6044001702453 
45486.24564855895 	 481.9070972443309 	 407.8081878448799 
45584.55082714729 	 481.9070972443309 	 407.8570091745963 
45641.477939450575 	 481.9070972443309 	 410.67525512089304 
45595.328017148524 	 481.9070972443309 	 409.75605216778416 
45525.720498668205 	 481.91156766964116 	 408.0593397791425 
45672.53824757942 	 481.89430480941974 	 404.9613914177477 
45926.33132806407 	 481.89430480941974 	 418.36892039822226 
45911.51024564418 	 482.3850871027946 	 418.41209014155606 
45985.21698381088 	 483.0251818278439 	 421.0610104255891 
45807.89371565414 	 482.7346971712194 	 417.321261188243 
45900.70074821275 	 481.8495441378702 	 422.6456743845171 
46086.98143563354 	 482.3961244699435 	 422.87627344482837 
46033.06453826808 	 481.5726128869818 	 425.51302056039475 
45988.97220282122 	 480.5990468676738 	 427.8909675847325 
46103.29304544245 	 481.9190814939413 	 429.80953947849866 
46032.03484965291 	 481.9190814939413 	 427.8464559083259 
45943.36617046692 	 480.98173813436625 	 428.42730279722184 
45984.10259898693 	 481.44080355846575 	 428.55379301478956 
46084.733492239204 	 481.6295604945093 	 429.2793895732984 
46105.449300732085 	 481.86396937257837 	 431.1513362993033 
45949.71241561674 	 482.66082068598666 	 425.3325174590295 
45986.7468461576 	 483.1613106933213 	 428.74719105654935 
46122.75787164306 	 482.3415182187264 	 425.9954322815371 
46218.84214191836 	 482.3415182187264 	 429.0611470294688 
46392.683317447096 	 482.60011537568334 	 428.02720154963833 
46335.3640507893 	 481.7324000374932 	 426.82806328333265 
46636.60307514896 	 481.7575557361366 	 429.75411930307575 
46683.16267859053 	 482.8187534016657 	 433.7513167713282 
46610.94523458421 	 482.8187534016657 	 438.98006015242447 
46610.97622998057 	 482.8187534016657 	 438.46882362444813 
46619.861455600134 	 482.1442916363621 	 437.1542742966621 
46554.70799659307 	 482.1442916363621 	 438.7165343145966 
46562.64074101031 	 482.8187534016657 	 438.1276499175142 
46600.21918872129 	 482.82513275671 	 438.9012759219968 
46736.22076927587 	 482.82513275671 	 440.39938417968136 
46817.52551672788 	 482.82513275671 	 443.33550263627535 
46786.613984113006 	 482.8187534016657 	 443.25128652912866 
46773.93147098883 	 482.8187534016657 	 445.53638792861346 
46692.746552341894 	 482.8187534016657 	 444.3968572939682 
46619.26230307587 	 482.8187534016657 	 444.03824052135604 
46809.082925825685 	 482.8187534016657 	 446.91312228368326 
46876.606256437546 	 482.8187534016657 	 445.9682345075341 
47024.88509269126 	 482.8187534016657 	 445.517652514531 
46926.74442883194 	 482.8187534016657 	 446.6539727373617 
46942.80821444164 	 482.8187534016657 	 444.6012943171706 
46849.58343632175 	 482.8187534016657 	 445.6758017916844 
46824.47960451104 	 482.8187534016657 	 445.92933279805675 
46924.896218069596 	 482.7610088411216 	 444.92416984570104 
46848.95570097489 	 482.7610088411216 	 446.94314824489686 
46694.85539872321 	 481.0260813552003 	 445.89269547978625 
46682.18992831191 	 481.0260813552003 	 447.007209090651 
46694.36441313245 	 482.2212715617575 	 447.1720525343046 
46733.93188662959 	 482.2212715617575 	 446.0843628566652 
46663.73647857868 	 481.3318747178516 	 446.14967010386533 
46662.05029515807 	 480.67020538745913 	 446.56516517565126 
46683.10100636797 	 481.4444059175482 	 445.83300878114176 
