sum_fit 	 max_fit 	 min_fit 
39930.04370994147 	 471.42424056997345 	 323.69668069151015 
39981.37882034859 	 467.28531381499045 	 329.13432399760586 
40269.09696211781 	 467.7714955022787 	 326.3266440754211 
40720.06824093974 	 473.38856413192855 	 329.8279059892096 
41448.9409172966 	 476.82562640860965 	 336.96880519148243 
41402.15779315152 	 481.45048327966856 	 346.332254195931 
41424.269215914734 	 479.9387205289746 	 345.01325801818405 
41660.028607949265 	 480.7020924185441 	 345.8100524039494 
41916.246739719754 	 480.2280408375533 	 341.5304561338166 
41840.49857370253 	 480.29815427297535 	 348.5178967648189 
42104.5040300886 	 481.9237696814946 	 340.97065400495114 
41910.41445178237 	 476.59761588368326 	 343.38192824939847 
42028.06924075911 	 478.45203382589773 	 346.1286243463148 
42150.157618084646 	 477.5108740057875 	 349.181316566485 
42353.681565260544 	 477.4286577512965 	 354.3940379763095 
42490.32498074899 	 478.3845210204982 	 355.0858096993617 
42425.50887009015 	 479.61723874517736 	 348.55358728757585 
42409.042762577476 	 476.16103193866525 	 347.586513003808 
42512.23460029182 	 470.9191528110092 	 359.67814251139544 
42703.949233273044 	 474.2969823484107 	 373.6698354353358 
42507.52162419453 	 475.1243575702835 	 375.27462852815006 
42606.40037732521 	 470.34910241305477 	 377.9561936449687 
42643.0190069496 	 473.6154663283349 	 376.2108918997372 
42516.37536651746 	 473.7709202125493 	 372.11927771557043 
42638.07477846552 	 473.1249011534038 	 374.4829562875882 
42544.67746998876 	 472.58400071602654 	 377.63135934460325 
42758.08436690688 	 475.013526680407 	 381.85044931490114 
42913.371821822446 	 474.43044636249095 	 382.3287916852422 
42983.92399033946 	 477.2867183741043 	 381.99870161599165 
43193.90289965083 	 477.69057109943105 	 387.78319854953565 
43276.42161234123 	 474.96184845730346 	 386.4679392641796 
43385.935214565136 	 476.33111189898824 	 387.0340184343915 
43104.18145773943 	 477.42944544004536 	 384.57343570766403 
43475.79592102581 	 478.9532859254771 	 384.4555693527453 
43531.77149023762 	 474.99453739838907 	 387.9047705566173 
43195.82021495743 	 472.96319285156926 	 391.23866884067604 
43241.57592721694 	 475.20826183526515 	 393.9569647579595 
43292.33312126789 	 469.3929344523709 	 393.54514030536103 
43628.02293158719 	 476.14291308576446 	 395.2588246072163 
43663.661379776546 	 479.5292008690136 	 393.91741058571205 
43881.820404847305 	 476.0042982577056 	 395.546591044979 
43882.14577874145 	 473.93555260615153 	 402.2611619944863 
43795.86914603041 	 471.10339004451623 	 404.0334707848622 
43827.40567593955 	 472.03759420202664 	 404.09939117797364 
43837.289137082895 	 473.9370658074977 	 407.4656084769348 
43948.5806469449 	 470.7540745650206 	 406.6406286105961 
43993.92512473128 	 468.48292167868397 	 406.39463111007717 
44171.941825703514 	 470.71209973840337 	 408.1163447588966 
44356.05249445849 	 470.0576585156274 	 411.58547092903996 
44373.62538141204 	 475.46668448731566 	 415.11901436119615 
44494.13844004282 	 475.42491208884144 	 416.0154558483123 
44609.99412686343 	 476.46616878156703 	 416.7632023376864 
44843.298131231364 	 475.8924479901491 	 414.285575199822 
44801.931741878696 	 474.46905238288525 	 417.51339939828813 
44877.50851951176 	 477.0433384485317 	 415.7030898307055 
44923.532503794064 	 475.8678065878993 	 415.58441698361366 
44970.70665932311 	 476.6869902524372 	 416.8880713971279 
44883.55258958806 	 476.50344180776233 	 417.65656971650094 
44717.53983942628 	 476.3414071607697 	 420.2969786483121 
44815.73166044486 	 476.7492811145697 	 421.43087601092543 
44914.63709719674 	 477.28093252350357 	 416.6524189150466 
44901.58034795747 	 474.6738898422094 	 417.86874326664713 
44930.51186772135 	 475.40165700961086 	 420.24397484086353 
44883.04389884812 	 476.4068942806799 	 420.82737851200886 
44940.92821855402 	 473.1604079910479 	 416.8847780323621 
44778.79310150091 	 475.824504749536 	 417.53801079707057 
44820.16519235057 	 472.25904460735273 	 419.3507828552333 
44813.886607292894 	 473.4161035268261 	 419.02114377610985 
44916.62907423101 	 472.9184992663636 	 417.6421057743287 
45003.276691404 	 473.46399937561057 	 421.61158426984605 
44805.340654617234 	 475.34176950579445 	 422.37992816563826 
44848.14985172577 	 476.4345649923206 	 416.98958951338534 
44736.388438562804 	 471.16143176394337 	 415.48475849609883 
44834.0756535379 	 472.7670683542831 	 418.27141615915923 
44805.41473106722 	 473.0030822436232 	 423.0604426020742 
44748.32384841304 	 476.25181659938767 	 422.45030400380665 
44874.36785349273 	 472.36747059677805 	 424.44261768670515 
44962.69763094197 	 474.8632794772317 	 423.7928521787287 
44974.859305477934 	 474.48753241097313 	 423.26234186508725 
45018.04134418368 	 475.5008167991076 	 425.9758246005896 
45057.90581756906 	 475.35177232758974 	 426.45253496686837 
45149.88220855249 	 475.08608419085783 	 427.7364622787429 
45095.75697346716 	 474.71164003096806 	 425.4480876307639 
45234.48819816527 	 476.8955394337403 	 426.69196487196734 
45117.62935230961 	 476.1600907206066 	 424.19817466932545 
45118.197836706866 	 476.9229018294517 	 427.47821332288186 
45107.948233150484 	 476.9229018294517 	 424.3435328212033 
45188.2472421133 	 477.75530574245806 	 424.0084445974991 
45217.17898702678 	 477.22101728353675 	 426.6839570324843 
45252.70969962999 	 477.90834289293036 	 425.7017320402432 
45243.021481640244 	 477.1965245376098 	 424.97692451188766 
45186.049537382074 	 476.497574358924 	 424.432847798955 
45254.45117238378 	 477.1037133457787 	 427.710071819762 
45135.36857288881 	 477.7755011394946 	 424.6973429510033 
45084.529524276164 	 474.99513390085724 	 424.6727455470085 
45085.17872913979 	 474.81898312938665 	 424.0859658267523 
45006.034829460026 	 475.709099559048 	 419.9705582294828 
45077.077098023045 	 475.5173127127812 	 424.35302648880963 
44929.531314920816 	 475.6973382207873 	 426.7006153780893 
44766.981108791646 	 475.9580134009451 	 424.92661806150033 
