sum_fit 	 max_fit 	 min_fit 
39878.700291606765 	 471.9558672036047 	 323.99746344541165 
40007.31864112373 	 471.63464978154616 	 335.13193212753436 
40092.10426284618 	 481.3557933475553 	 328.24257369896384 
40824.82456558817 	 486.525621202459 	 321.1370140061224 
41102.53070119719 	 481.62467631655056 	 333.5457522441743 
41463.28437925319 	 485.1846024220382 	 339.84891177364267 
41887.881204338904 	 487.46481560268876 	 346.4882206667825 
41923.16464392538 	 487.51584076803715 	 351.5523284161388 
42075.32322804284 	 488.9561227508633 	 349.434267254217 
41805.07992491356 	 481.9317681131014 	 339.9577164405609 
42162.97982129126 	 484.10649175526373 	 350.1045443063682 
42656.832865641605 	 485.09940748286897 	 342.44265495953204 
43149.72716542569 	 489.2239317937766 	 350.81429382813803 
43145.02697734733 	 487.49587196216544 	 356.7901575362908 
42828.29148757161 	 487.49587196216544 	 354.43011806157614 
42687.827487842784 	 490.5389490529567 	 357.42980841185755 
42635.86027026504 	 489.4144651616722 	 353.1558295744358 
43088.59818118234 	 490.66991351267325 	 359.3412333129166 
43092.5763156302 	 492.3140849411343 	 366.881333594054 
42732.18276832039 	 492.6865446287709 	 363.46608894867313 
43065.460426038626 	 491.4262099034013 	 363.8775454838817 
43323.76999257205 	 492.4378678126142 	 356.65223967526816 
43194.261905833584 	 489.7732346816143 	 370.0121002274165 
43149.29221407203 	 492.4378678126142 	 364.3361448274486 
43461.96263686261 	 491.0718270599466 	 367.75074835988113 
43734.54570330762 	 494.61483912733445 	 370.39581588042387 
44609.00024697362 	 494.8297456512473 	 377.15152390932985 
44867.86929510747 	 490.0586666771526 	 380.61569583115744 
44843.09194153242 	 494.16673099247373 	 389.2094140668239 
45324.601370672135 	 494.29524572010837 	 396.34760648618106 
45525.02297547867 	 494.2088958362302 	 396.0699205860879 
45728.30050392005 	 494.0672632959745 	 400.57871668759236 
45819.693336570075 	 494.0672632959745 	 407.95729811625955 
46048.35325001761 	 494.2088958362302 	 407.35799762005115 
46201.73218721955 	 494.2088958362302 	 416.7595767259867 
46033.89616424232 	 495.47758222530115 	 413.2714397383969 
46295.99271169029 	 495.0826828571646 	 416.9872794922034 
46626.01608523977 	 495.0826828571646 	 424.1346376386256 
46695.29127304768 	 494.64139609718325 	 428.23086951542257 
46757.370429194474 	 495.0154747198268 	 434.932721612887 
46548.74453729551 	 495.0154747198268 	 428.824663883021 
46647.269315395024 	 495.80235140199034 	 433.1828681751206 
46761.92386465971 	 495.80235140199034 	 429.4147051172373 
46781.02646049726 	 495.80235140199034 	 431.2769787739535 
46736.21855238496 	 493.3906167272363 	 428.318386941824 
46732.455001443566 	 495.4171910664742 	 429.1477475796502 
46862.38671551127 	 495.1601196988048 	 433.6734051060945 
46804.18704566431 	 495.1601196988048 	 434.70125057828227 
46893.9619620428 	 495.1601196988048 	 437.65393006331806 
46788.746010195944 	 495.4171910664742 	 431.5707115318236 
46576.939282309235 	 495.4171910664742 	 435.0544786479202 
46672.744475857646 	 495.4171910664742 	 441.9119971670689 
46848.36239239828 	 495.3750262227177 	 447.281339943699 
46810.74892597312 	 494.89054533487354 	 441.28689810166657 
46872.443238440566 	 494.89054533487354 	 441.81919703358403 
46886.70732572177 	 495.4171910664742 	 445.74073544143766 
47046.74640713872 	 494.06981257297605 	 442.14413783939983 
47022.61348358999 	 494.59923125342675 	 441.3744119741915 
47008.38261751442 	 494.59923125342675 	 445.41155878289214 
47023.692132151686 	 493.3671947709455 	 440.8521332168009 
47057.228532024325 	 493.0804225401365 	 442.8757028749652 
47100.10522479114 	 489.54834370983986 	 440.4694312679195 
47298.67633592007 	 494.8947174878956 	 441.9613244024049 
47358.46050932165 	 494.26524704926976 	 441.9515171460789 
47238.256842331044 	 495.3801455910997 	 441.0850407054653 
47242.48832480989 	 495.8375298982645 	 441.02983557360665 
47176.72412935336 	 495.86321793558193 	 441.427143330102 
47416.41413094445 	 494.0464109536448 	 449.15053188237414 
47402.52272281797 	 496.0206394257 	 450.1958687175371 
47303.20070804663 	 494.2577634118344 	 452.9121985606031 
47439.41693509453 	 494.1062694521993 	 451.6228260594629 
47409.3425646275 	 495.07262837705 	 449.5551383319746 
47512.23316793419 	 495.07262837705 	 455.44918448806345 
47716.878005068575 	 494.1620585077602 	 455.2089509181741 
47693.420169084275 	 494.1620585077602 	 452.0331156607242 
47606.715188834365 	 494.1620585077602 	 450.5836239242816 
47419.07609177097 	 494.1620585077602 	 449.97733643137155 
47327.879704559135 	 494.1620585077602 	 451.96440355072457 
47328.432804943775 	 493.94715198384733 	 452.4989560018008 
47488.707329353914 	 492.960976117702 	 448.6590522564154 
47306.815918738124 	 493.6266657753948 	 448.408872241061 
47328.44714050299 	 492.36891128369916 	 448.7299028005832 
47449.97181162766 	 494.5722755683722 	 448.5941813197627 
47424.52199093062 	 494.5722755683722 	 453.3863890550123 
47255.03083482904 	 493.93129465771733 	 450.53078606113127 
47363.780710690946 	 493.7867979206809 	 452.312795241642 
47496.08535438085 	 494.2853403731647 	 448.9519002897554 
47482.81809831505 	 492.94294522531743 	 450.2780144187816 
47554.74871048998 	 492.9908592797706 	 449.90207288737145 
47483.764877144145 	 495.18339265148893 	 452.66227439596867 
47775.5999220972 	 495.18339265148893 	 449.7287567207013 
47646.01138046774 	 495.18339265148893 	 451.8359612147884 
47609.609254454 	 494.411277197867 	 449.303051042004 
47585.320000415406 	 493.81553263999206 	 449.0603249850931 
47545.29580137726 	 494.18027779524755 	 449.5985612024315 
47461.97670925896 	 494.18027779524755 	 448.5852975928133 
47626.57082155711 	 494.2631788596325 	 449.0819629800146 
47657.1148997955 	 494.2631788596325 	 454.95136671160276 
47599.78532086851 	 494.0931144218989 	 455.0895467458736 
47606.09170058249 	 494.1484342959558 	 456.4357753498001 
