sum_fit 	 max_fit 	 min_fit 
39881.86964391898 	 466.4020659484361 	 318.6186738256339 
40150.13885217834 	 472.7775690797527 	 332.2576127544434 
40105.65334163852 	 479.82309948302895 	 323.3432393474638 
40625.608716151335 	 474.1539364320706 	 336.19355921211917 
40722.111048731575 	 469.07800719849763 	 345.44467684802567 
40746.04451086109 	 470.1229668058984 	 336.0235851063892 
40785.04281494994 	 475.69872329454097 	 339.726685441628 
41031.338347165314 	 481.90712902956966 	 339.4264781274012 
41181.81694631235 	 482.830072510876 	 341.20824338159207 
41797.00427402159 	 482.3058748627993 	 349.92085044033945 
41789.029749072666 	 481.3233607381052 	 355.66020850752034 
42092.57577616618 	 480.75391555066176 	 353.84630531389564 
41971.51986825168 	 483.1954040002054 	 354.3788165630826 
41908.83209141416 	 483.8109561418861 	 363.5077716574448 
42008.32082070463 	 483.907622003229 	 358.19142854857665 
42712.94048628771 	 484.905849126554 	 352.24188579364227 
42843.20048145894 	 483.01720819183595 	 354.5196931406607 
42788.945044839566 	 484.33094001660004 	 364.13403622442786 
42915.48482229615 	 483.898592041435 	 363.33263728077975 
43061.2458223616 	 486.3646330374579 	 367.09243738666873 
43103.75629965715 	 486.3646330374579 	 370.904024193886 
42996.84119887125 	 486.3646330374579 	 364.1962633757791 
43304.70875168567 	 486.068180103513 	 366.0446549391621 
43642.74519722347 	 487.5170700062597 	 375.7185827118968 
43699.84860337977 	 485.8647241271178 	 379.3978377230445 
43870.83528847035 	 484.69515731520073 	 386.35011554827577 
44039.006451895875 	 487.1790437604657 	 390.71816341326996 
44122.08576925626 	 485.66842523468654 	 394.67904005373174 
43771.27067159712 	 487.0141149457379 	 391.64815309091534 
44096.57361724872 	 485.05411094082353 	 397.8293240742804 
44070.730625885895 	 482.461649905469 	 397.18240670559294 
44342.820801110276 	 483.48988568910136 	 399.67869118564477 
44168.10166885106 	 484.5102897735717 	 401.3427116585384 
44009.70120058472 	 484.54561021658856 	 399.20004549583814 
44268.30408893987 	 484.54561021658856 	 403.9789904471137 
44192.95052171313 	 486.37850533504854 	 402.49413560362086 
44054.28347835238 	 487.5356706801347 	 402.35705688981466 
43916.40053643626 	 486.77708900102357 	 400.89497931558805 
44024.68341228818 	 486.3660331273768 	 399.31662599244964 
43951.16223434022 	 486.70547569536245 	 401.73631885441364 
44335.850255577 	 487.61481814910985 	 403.2648255604354 
44270.56091076198 	 486.3994592637637 	 403.0170616400841 
44451.08495217014 	 487.45644452006707 	 402.8449298631621 
44639.533411366814 	 487.7041086374776 	 403.66136993202144 
44528.387953229496 	 487.4962832898178 	 402.391931629101 
44572.38825410139 	 488.6355048344918 	 402.5185172235224 
44658.98319698321 	 489.32024360029936 	 401.02220931326065 
44445.657396750146 	 489.32024360029936 	 402.7063219995899 
44537.226626187105 	 488.57075227965674 	 405.49620108648463 
44593.637864883596 	 488.7449655026036 	 404.9804153598526 
44554.07732210948 	 488.1012037802776 	 404.96548317633903 
44652.73568542086 	 488.2386879227024 	 402.39594628687445 
44841.40481511876 	 488.5778898432899 	 405.18818228309544 
44790.513549858835 	 488.2700454328134 	 404.1245757791255 
45119.24459883555 	 486.9788233022259 	 408.1598309164541 
45093.69327011436 	 486.74075819695406 	 402.24203454265984 
45081.462432385466 	 484.96560056057285 	 405.71317127579437 
45154.88648729374 	 485.89506324283116 	 414.2457951021074 
45335.49039000845 	 485.10182519381203 	 414.8934131820687 
45427.92345601291 	 485.4352476567208 	 413.8852231645441 
45524.6853086917 	 485.4352476567208 	 415.0022123966435 
45635.02874931882 	 485.4341655569448 	 414.14182878809936 
45618.493155838536 	 483.9009131782972 	 414.02039905521804 
45627.79021384222 	 483.48758426440793 	 412.8129940180989 
45829.166530409304 	 483.7583166317694 	 415.00736611448224 
45879.61296523429 	 485.3460824297483 	 419.6771446475051 
45928.339062712344 	 485.8396781788881 	 418.85900169919626 
46035.84410260193 	 487.16886731096986 	 417.3398709009458 
46357.84215700304 	 486.93807120962254 	 419.753059664597 
46420.673366252675 	 486.40500436766285 	 418.016656916677 
46346.94437996972 	 486.2169165045958 	 417.32167231855425 
46638.57704450071 	 486.7803642588075 	 419.6758797748163 
46535.00391425729 	 487.03095461515636 	 425.2513269075877 
46529.83732115537 	 487.03095461515636 	 429.1426733228607 
46587.21808107837 	 486.83136046091056 	 428.696107911334 
46527.206166081276 	 486.80413369733105 	 428.97181415387365 
46618.47640873902 	 486.81549578879583 	 427.6663898416272 
46547.64197633912 	 487.0657012237185 	 429.6955471729309 
46662.18420267904 	 487.0657012237185 	 428.8562734254379 
46837.779270494844 	 486.9473082729196 	 428.6286338019628 
46811.27467308066 	 486.9473082729196 	 428.69136934624487 
46641.98539918533 	 487.2545760631874 	 438.0446235251587 
46610.91304605418 	 487.1543215060344 	 437.78553704502417 
46799.82372449344 	 487.1416316689657 	 438.679217077056 
46827.87777294523 	 487.33631784195256 	 437.17521279369726 
46812.65935874918 	 487.6377776299191 	 438.03560466236024 
46922.761437136025 	 487.3440169629487 	 438.9013048586079 
47031.244810427845 	 487.6153998232634 	 438.8584395893457 
46878.98964789398 	 487.6153998232634 	 438.50374145102 
47031.55756080299 	 487.6153998232634 	 439.3431421596125 
47095.182280731024 	 487.6153998232634 	 439.90087695540626 
47129.84210253759 	 487.6153998232634 	 438.0905635909703 
47057.59004036186 	 487.3598664130619 	 439.3793266923519 
47191.01580363643 	 487.0713659707251 	 438.93950433861426 
47205.14530258514 	 487.1256167934366 	 439.5450890837716 
47166.486684009025 	 487.0713659707251 	 439.8947842105365 
47179.85864431366 	 487.17337580415995 	 439.5639734723993 
47287.09460194495 	 487.2082107680242 	 445.45373109470654 
47245.490097009795 	 487.10424961390277 	 443.78510283980586 
47199.93861463638 	 487.14043482358977 	 444.86227054442145 
