sum_fit 	 max_fit 	 min_fit 
39707.36621337481 	 465.41349617414676 	 319.0459388557321 
40190.96371654497 	 464.8933064701313 	 330.52882069296686 
40342.20749904552 	 469.64764915204825 	 329.30354772756056 
40596.95452402097 	 473.2916175784216 	 335.64824683764095 
40783.153169825666 	 477.5101387815903 	 344.12501071362306 
41129.12906225175 	 481.50965253123456 	 345.8588055103519 
41067.78364116854 	 480.72057394242825 	 349.2770391183137 
41029.30040037755 	 477.84968109350984 	 344.99454583751185 
41330.10021292706 	 478.91645375986303 	 346.9926383602582 
41138.57789580516 	 479.8912486876611 	 348.8983672591052 
41363.25089371527 	 478.0663103704681 	 352.57586507415226 
41325.671737693854 	 478.67897372659013 	 346.01839022948377 
41570.69457229575 	 480.9954763176621 	 341.9806603973358 
41530.12132158339 	 480.90584415153353 	 337.7103037617867 
42145.97343100145 	 481.546366726487 	 343.84030381567527 
42705.96118271441 	 480.32478211225794 	 351.3816654539697 
42712.29072616205 	 480.9162272731603 	 347.0739485561914 
42790.376738205756 	 482.07233020423314 	 348.673844048317 
42590.83518296645 	 481.5138095957992 	 351.18442510133355 
42468.412244869556 	 482.1856015848873 	 353.0325382828335 
42982.77491008019 	 482.1856015848873 	 359.3370067182484 
42961.0374946534 	 479.989915340906 	 375.8827662698557 
42968.75289591619 	 478.3697212776599 	 370.5509302323835 
43173.67096509872 	 483.1055496578713 	 376.1110041354158 
43015.63774690294 	 483.5015518070386 	 373.08587618614666 
42959.40929096351 	 485.9303129275246 	 372.8997065948059 
43342.210195709544 	 482.82524887148656 	 373.0137471328195 
43677.87367838276 	 483.3837694799206 	 377.71601186486043 
43900.59106969889 	 481.31488690493904 	 390.78278337201016 
43919.811570918326 	 482.518376826947 	 390.5283079687711 
43853.96731161952 	 481.354322281454 	 393.353746901175 
44011.94486176291 	 482.65482913957754 	 397.15464167725986 
44282.58293640806 	 482.74462921985815 	 388.8234455081261 
44388.06059061525 	 483.6979758143016 	 400.6296959685999 
44352.862542933035 	 486.14662210608327 	 394.7464574795515 
44759.507740395886 	 486.5864969299435 	 398.7560781838438 
44831.35344266477 	 486.7834186885629 	 393.80104489802306 
44669.1966157782 	 485.20196494159717 	 394.568278722641 
44708.32971751566 	 486.7834186885629 	 397.859663972222 
44610.48264464416 	 486.1282526915539 	 403.6172818194399 
44727.455655453494 	 486.0347763989785 	 411.52445337477917 
44749.6424870597 	 486.05598020554925 	 412.4160433478736 
44737.160381943526 	 484.28525394010126 	 407.5536231213748 
44779.71007007334 	 483.3205949699474 	 405.9214689855316 
44737.15463541235 	 485.6358474868349 	 407.3509974034481 
44710.796906855925 	 486.0603363393707 	 409.0382526241703 
44734.075161298075 	 484.2855473873569 	 406.64216605266563 
44723.67465696994 	 484.33397836788686 	 406.15699063923 
44924.05744451418 	 485.75006089254737 	 406.2741855386358 
44823.54310390049 	 485.75006089254737 	 406.16927336712683 
44859.866423986256 	 484.79159351472344 	 407.3845050923966 
45026.57832037167 	 482.34584156098214 	 407.98420395708797 
45175.430478529335 	 486.39579288328423 	 410.0130211590496 
45394.67225385115 	 486.496730459 	 411.2656485752768 
45532.46563512202 	 486.496730459 	 412.1376183173751 
45496.61540111061 	 486.60818103551696 	 410.89754692270196 
45434.16247175443 	 486.0558883457062 	 409.8842723042179 
45615.61412750468 	 486.98349126515166 	 420.9197928739736 
45575.64592930009 	 487.29597937906703 	 421.5609372898915 
45761.853510906134 	 487.54799282889053 	 421.7457929695181 
45729.5038340334 	 487.54799282889053 	 426.60201954973763 
45787.42832334848 	 488.07608756383536 	 423.9520271517247 
45824.591301198045 	 488.0869945869375 	 422.06912172833916 
45714.50379317471 	 487.584858246135 	 421.7231349083462 
45461.48455307643 	 487.584858246135 	 421.5559593406113 
45379.59388156478 	 486.9168068263525 	 421.9015608667669 
45390.50542552778 	 485.96595500017656 	 419.5724015291371 
45463.26471915247 	 483.250763489492 	 418.3214250356954 
45782.06881276974 	 485.76037945785004 	 427.0831515588603 
45673.908044966105 	 485.4930561563768 	 421.7735759840379 
45637.225844818 	 487.4434238152462 	 420.38033390789064 
45834.17969020654 	 485.90029703800656 	 421.8647893464524 
45856.21952684176 	 486.01268879382553 	 422.92788427239316 
45863.224182182326 	 486.01268879382553 	 424.11626249460653 
45833.06972594433 	 487.81830146939774 	 425.20857559937406 
45953.48052731403 	 487.1374536919525 	 425.9209048270007 
46132.17809017979 	 487.1619688666244 	 419.8207345549812 
46153.61186611759 	 487.9245276262981 	 421.82463157318637 
45910.79936829784 	 487.9245276262981 	 422.16233753970226 
45943.056687864504 	 487.9245276262981 	 425.7146880361247 
45822.569671818965 	 486.0355834769672 	 425.75872114210927 
45972.05623166204 	 487.2555479223694 	 420.5036898714749 
46076.20029274146 	 487.2555479223694 	 424.2738402585918 
46100.20317881059 	 487.2555479223694 	 424.57814219739475 
45929.74888295932 	 486.8869696045591 	 423.3813715813234 
45859.53436150422 	 486.6754633462489 	 425.1738302077475 
45912.828590141515 	 485.32351110725267 	 423.19197018262435 
45852.988939661744 	 486.97839616537226 	 423.64646419161147 
45724.296963732064 	 486.97839616537226 	 423.7410907381138 
45685.632552511815 	 485.9748981441535 	 420.28285890721486 
45679.68795355086 	 486.2228949129672 	 421.6696362595643 
45769.535872738765 	 485.5242464591194 	 424.4942864374511 
45842.03819367674 	 486.62982803944254 	 420.19144203946746 
45828.58682468375 	 487.21868458767443 	 419.82719608111984 
46113.52312126903 	 487.23160491756 	 422.68535523692447 
45962.548932852675 	 487.0042871217289 	 422.04908515104205 
46065.85282549847 	 486.3577932552834 	 421.38378279425467 
46034.19612528059 	 486.94476859923583 	 422.02631030634313 
45864.799982790726 	 487.0317747168573 	 420.97570925424884 
45821.40804945463 	 486.72094062769025 	 419.8255997271915 
