sum_fit 	 max_fit 	 min_fit 
39550.512071446385 	 456.7111040527707 	 325.46671449355597 
39741.78454630149 	 467.999481394001 	 325.7171904745351 
40272.87054080004 	 470.0907693095653 	 324.1344464518895 
40271.40308232298 	 469.2370379877384 	 328.15609163009697 
40696.33490703447 	 472.1521386118211 	 330.11975897638496 
41389.05959752682 	 473.3695207633382 	 329.94717232634537 
42028.12191330049 	 480.42544317544844 	 337.8176067797257 
42094.15089747467 	 482.8863414178462 	 347.30601239950045 
42078.47572937148 	 480.47330600996287 	 346.6608946062395 
42105.447136465795 	 482.4694072696484 	 357.26493716691755 
42166.263705269586 	 479.4031680977625 	 356.74221604886543 
42312.977605417764 	 483.8338662584162 	 366.1063085090474 
42762.94106585282 	 485.37267000283765 	 377.73856154911283 
42974.94124483617 	 484.4962813624209 	 373.5839544372906 
42806.57529570646 	 483.05311186402946 	 373.7776220672108 
42692.950598150346 	 483.0049417294651 	 369.0114867116698 
42962.50242795175 	 483.7251632258835 	 371.0233633675099 
42972.517004907226 	 483.8964473429002 	 374.2012062749296 
43145.48732302175 	 484.1722361567315 	 368.49417830597014 
43363.519244078336 	 484.72426801588665 	 377.1337979247926 
43434.99513850277 	 482.7366373737557 	 380.2284791015992 
43689.99434044714 	 482.72692555453557 	 377.71197076492365 
43980.27097394512 	 483.41115407194116 	 374.01331720567964 
44201.04996415356 	 483.41115407194116 	 383.518489032826 
44116.43811433364 	 484.5725144781478 	 383.36488257632175 
44471.69915627575 	 484.5725144781478 	 389.6443093561035 
44556.01614418159 	 484.5725144781478 	 409.2616278841415 
44428.44000974434 	 484.5725144781478 	 405.18284352944136 
44595.276570728616 	 484.5725144781478 	 403.3924583540347 
44881.438706736895 	 485.8187024050786 	 410.91789201869597 
44866.32705248866 	 485.8187024050786 	 403.64387505182685 
45084.487668892034 	 485.8187024050786 	 402.8341588057637 
45237.345405095395 	 485.8187024050786 	 408.026544003977 
45294.497529004424 	 485.8187024050786 	 413.2759877810155 
45400.459190298076 	 485.8187024050786 	 417.81184190289764 
45351.24244219255 	 486.0200772837221 	 415.2464898630464 
45535.075849571505 	 486.0200772837221 	 423.24844425678253 
45601.487982861785 	 486.0200772837221 	 429.62282956419057 
45559.03979517737 	 486.0200772837221 	 432.72102147260387 
45576.18994818762 	 486.0200772837221 	 432.72102147260387 
45961.55122796748 	 486.0200772837221 	 430.3299940981309 
45950.71185441285 	 486.0200772837221 	 432.83660741705137 
45998.64617050656 	 486.0200772837221 	 431.44498028096166 
46154.466975700314 	 486.0200772837221 	 437.65550741586674 
45727.84696694487 	 486.0200772837221 	 437.06614899943713 
45647.4104290292 	 486.0200772837221 	 437.2426352863474 
45812.297467192475 	 486.0200772837221 	 437.14574855398223 
45873.20553674607 	 486.0200772837221 	 437.25455697164216 
45793.4570084116 	 486.0200772837221 	 437.06614899943713 
45955.686733466464 	 486.0200772837221 	 438.23757963012497 
46091.16641680745 	 486.0200772837221 	 438.7945384448461 
46018.003651876345 	 486.0200772837221 	 440.3589020023961 
45845.695402712656 	 486.0200772837221 	 440.4553266826904 
45850.6375802781 	 486.0200772837221 	 440.66870827385685 
45953.310642890225 	 486.0200772837221 	 443.7523032574546 
45945.684327098534 	 485.8187024050786 	 443.57581697054434 
45984.94158703917 	 485.8187024050786 	 443.65107637750486 
45944.199442321726 	 485.8187024050786 	 443.65541652508944 
46017.61755671518 	 485.8187024050786 	 443.4424969859939 
46064.80881669007 	 485.8187024050786 	 443.4424969859939 
46142.30422951559 	 485.8187024050786 	 443.4424969859939 
46183.94730202554 	 485.82841422429874 	 447.6082070440897 
46213.191226063114 	 485.82841422429874 	 447.6082070440897 
46394.376189968876 	 485.82841422429874 	 447.6082070440897 
46535.782023179694 	 485.82841422429874 	 447.6082070440897 
46553.71352667083 	 485.9545281172384 	 447.885777959332 
46672.63050630859 	 485.9545281172384 	 447.8211265831852 
46736.80376996742 	 485.9545281172384 	 447.7917136574357 
46825.9949424591 	 485.8187024050786 	 447.7392774564339 
47020.081286926084 	 485.9545281172384 	 447.7392774564339 
47332.48799842409 	 485.9545281172384 	 454.44156529759573 
47427.48346078856 	 486.0200772837221 	 454.44156529759573 
47411.330684690314 	 485.9545281172384 	 454.44156529759573 
47525.585084609884 	 485.9545281172384 	 454.57263570993996 
47579.56851280983 	 485.9545281172384 	 454.6501446891067 
47654.54034859346 	 485.6645542081293 	 454.57263570993996 
47673.005622385295 	 485.82841422429874 	 454.6501446891067 
47650.58210808661 	 485.82841422429874 	 454.68913768936 
47752.98080816397 	 485.82841422429874 	 454.57488528214617 
47910.7027549684 	 485.75523276113245 	 463.7814445249878 
47937.5054348595 	 485.82841422429874 	 469.04286836298263 
47863.00218370835 	 485.82841422429874 	 463.9279450278858 
48040.12984490185 	 486.0200772837221 	 467.01999890999 
48077.87233346127 	 486.0200772837221 	 469.04286836298263 
48110.50424408669 	 486.0200772837221 	 467.5058124101347 
48230.91180422349 	 486.0200772837221 	 467.3605963906224 
48218.39529490868 	 486.0200772837221 	 472.0173332980579 
48228.800042701376 	 486.0200772837221 	 471.74261616600324 
48285.830768570246 	 486.0200772837221 	 477.8821530568098 
48272.178551945355 	 486.0200772837221 	 477.8821530568098 
48284.40288051011 	 486.0200772837221 	 477.8821530568098 
48333.60827521283 	 486.0200772837221 	 477.77380939477484 
48345.76810581556 	 486.0200772837221 	 477.77380939477484 
48293.367363389174 	 486.0200772837221 	 477.77380939477484 
48365.68111589743 	 486.0200772837221 	 477.77380939477484 
48346.8503988021 	 486.0200772837221 	 477.87469807986315 
48394.958360207514 	 486.0200772837221 	 477.77380939477484 
48370.22653969136 	 486.0200772837221 	 477.7557199695185 
48405.24295842215 	 486.0200772837221 	 477.7557199695185 
48397.07903327253 	 486.0200772837221 	 477.8821530568098 
