sum_fit 	 max_fit 	 min_fit 
39738.76215248839 	 466.39042702457584 	 317.8056266125647 
40131.882117514266 	 466.39042702457584 	 327.40664895987123 
40009.27782215243 	 467.06836609620063 	 341.50980373436755 
40326.496576943166 	 467.06836609620063 	 338.0493878386764 
40715.53514414092 	 469.1338244052987 	 330.7314676923534 
41074.0663953987 	 469.1338244052987 	 337.5911905783635 
41352.452497754806 	 470.5906315655192 	 359.0210690828914 
41765.18381433507 	 472.48024473400073 	 361.3083354003226 
41963.76969978103 	 472.48024473400073 	 362.629163169518 
42053.8936117523 	 472.48024473400073 	 364.1876733127513 
42101.379444143924 	 473.45047595444555 	 359.41790259133825 
42194.6887103345 	 473.45047595444555 	 369.010951341393 
42410.58507908287 	 473.45047595444555 	 369.16020012278506 
42377.779005257245 	 473.45047595444555 	 368.3438994652022 
42817.723759061686 	 473.45047595444555 	 373.77867224034145 
42926.92347737663 	 473.45047595444555 	 371.1354695119984 
43111.17806434725 	 473.45047595444555 	 371.15189509232715 
43119.54505559903 	 473.45047595444555 	 387.47462426314746 
43383.62828402435 	 473.45047595444555 	 387.47462426314746 
43587.11730132371 	 473.45047595444555 	 406.3270284608112 
44047.014941490495 	 473.45047595444555 	 404.77287587888065 
44207.52875719813 	 473.45047595444555 	 411.6900285140996 
44272.67654950682 	 473.45047595444555 	 410.8880975574991 
44560.26482676266 	 473.45047595444555 	 420.7035729189813 
44770.6715604435 	 473.45047595444555 	 420.91660168618637 
45341.89187806706 	 473.45047595444555 	 423.95866121668735 
45515.65742117209 	 473.45047595444555 	 425.5166385218861 
45458.42352023933 	 473.45047595444555 	 425.5166385218861 
45609.81992743697 	 473.45047595444555 	 425.27646272132586 
45692.328026009025 	 473.45047595444555 	 425.04933437171405 
45856.30591460045 	 473.45047595444555 	 424.65905017555883 
45829.32227640469 	 473.45047595444555 	 423.14535353742167 
45932.9143165465 	 473.45047595444555 	 425.91678124929 
46090.354605848726 	 473.45047595444555 	 423.14535353742167 
46234.17944007293 	 473.45047595444555 	 423.42966534797836 
46231.39698490445 	 473.45047595444555 	 426.8185056056137 
46239.146564878756 	 473.45047595444555 	 426.8185056056137 
46314.67133534042 	 473.45047595444555 	 426.8185056056137 
46501.39601315529 	 473.45047595444555 	 433.6621718583468 
46400.15743704555 	 473.45047595444555 	 433.6621718583468 
46520.67157443673 	 473.45047595444555 	 433.6621718583468 
46510.984977345084 	 473.45047595444555 	 445.80794639235626 
46484.29090399641 	 473.45047595444555 	 445.80794639235626 
46562.63349384036 	 473.45047595444555 	 445.80794639235626 
46802.75939426033 	 473.45047595444555 	 445.80794639235626 
46756.6250984825 	 473.45047595444555 	 445.80794639235626 
46904.006998764 	 473.45047595444555 	 445.80794639235626 
46953.415439115815 	 473.45047595444555 	 445.80794639235626 
46986.30292671601 	 473.45047595444555 	 461.25457214780835 
47060.47725904949 	 473.45047595444555 	 461.25457214780835 
46978.67019475103 	 473.45047595444555 	 461.25457214780835 
47005.0345293113 	 473.45047595444555 	 461.25457214780835 
46918.14483165256 	 473.45047595444555 	 456.45990216810327 
46920.112510529594 	 473.45047595444555 	 456.45990216810327 
46752.42278836772 	 473.45047595444555 	 456.45990216810327 
46749.197126379186 	 473.45047595444555 	 456.45990216810327 
46679.08210026912 	 473.45047595444555 	 456.45990216810327 
46710.662180052605 	 473.45047595444555 	 456.45990216810327 
46717.614106014786 	 473.45047595444555 	 456.45990216810327 
46654.644503746924 	 473.45047595444555 	 456.45990216810327 
46619.47309417676 	 473.45047595444555 	 456.45990216810327 
46644.24378584699 	 473.45047595444555 	 456.45990216810327 
46606.89005165724 	 473.45047595444555 	 456.45990216810327 
46647.943414881156 	 473.45047595444555 	 456.45990216810327 
46669.01258060119 	 473.45047595444555 	 456.45990216810327 
46562.37738551878 	 473.45047595444555 	 456.45990216810327 
46644.116128885486 	 473.45047595444555 	 456.45990216810327 
46611.74669965239 	 473.45047595444555 	 456.45990216810327 
46727.96429308216 	 473.45047595444555 	 456.45990216810327 
46824.45912198769 	 473.45047595444555 	 456.45990216810327 
46782.15748975177 	 473.45047595444555 	 460.73124275286955 
46814.9468977489 	 473.45047595444555 	 460.73124275286955 
46760.56380517222 	 473.45047595444555 	 460.73124275286955 
46745.237027929776 	 473.45047595444555 	 460.73124275286955 
46699.84788477466 	 473.45047595444555 	 460.73124275286955 
46737.268313134075 	 473.45047595444555 	 465.5259127325746 
46780.5433716869 	 473.45047595444555 	 465.5259127325746 
46769.93822308761 	 473.45047595444555 	 465.5259127325746 
46818.57445239526 	 473.45047595444555 	 465.5259127325746 
46784.8156924653 	 473.45047595444555 	 465.5259127325746 
46751.29131835609 	 473.45047595444555 	 465.5259127325746 
46837.607049640996 	 473.45047595444555 	 465.5259127325746 
46896.326078346625 	 473.45047595444555 	 460.73124275286955 
46900.42762865484 	 473.45047595444555 	 460.73124275286955 
46915.82744723382 	 473.45047595444555 	 460.73124275286955 
46931.67657367757 	 473.45047595444555 	 460.73124275286955 
46944.10784349858 	 473.45047595444555 	 460.73124275286955 
46969.63461304938 	 473.45047595444555 	 460.73124275286955 
47010.0677417406 	 473.45047595444555 	 460.73124275286955 
46900.61679754309 	 473.45047595444555 	 460.73124275286955 
46872.678329381175 	 473.45047595444555 	 460.73124275286955 
46867.60668682189 	 473.45047595444555 	 460.73124275286955 
46803.30034787045 	 473.45047595444555 	 460.73124275286955 
46836.03689943682 	 473.45047595444555 	 464.26629228596425 
46867.80058897041 	 473.45047595444555 	 464.26629228596425 
46817.42295142778 	 473.45047595444555 	 464.26629228596425 
46838.450197354265 	 473.45047595444555 	 464.26629228596425 
46857.637007027326 	 473.45047595444555 	 464.26629228596425 
46869.753987342105 	 473.45047595444555 	 464.26629228596425 
46915.40026083379 	 473.45047595444555 	 464.26629228596425 
