sum_fit 	 max_fit 	 min_fit 
40107.79886155474 	 475.07849386104317 	 334.25229721391145 
40208.68533224975 	 484.4799929890595 	 332.2064819795753 
40483.85466453139 	 480.8281465157643 	 346.4558863918876 
40780.007794618425 	 481.69964848645577 	 349.60740433361036 
41186.34263092913 	 483.1548777141502 	 355.76853257162094 
41632.47261496491 	 484.698229909479 	 363.37597324204717 
42083.16836881611 	 484.698229909479 	 359.0849284494336 
42300.88972855283 	 484.698229909479 	 356.09511497149117 
42237.33875312805 	 484.698229909479 	 353.99052287158156 
42610.70689647518 	 484.698229909479 	 365.3555654998603 
42853.695474437634 	 484.698229909479 	 358.5267644271646 
42632.6653113682 	 480.96282680474553 	 357.92096778976617 
42791.629597905456 	 481.48533265588605 	 360.7831399673728 
43325.82910889846 	 481.48533265588605 	 364.86821382451046 
43691.00613987886 	 481.07833753483504 	 376.8846542406972 
43691.29415337558 	 481.07833753483504 	 378.41491359288534 
43594.313803361256 	 481.07833753483504 	 382.46370073625485 
43686.646043720655 	 481.07833753483504 	 382.6234306350119 
44048.57516878766 	 482.1277839308829 	 383.69618612611407 
44486.91895262263 	 482.1277839308829 	 391.458716888544 
44900.57883118178 	 482.1277839308829 	 395.8221904511938 
45055.77275934792 	 482.1277839308829 	 397.478471857273 
45235.18562539575 	 482.1277839308829 	 402.0656393264372 
45393.95312988939 	 482.1277839308829 	 404.4407518304805 
45244.8539206092 	 482.1277839308829 	 404.4407518304805 
45224.77309726348 	 482.1277839308829 	 407.1496726531591 
45307.14195463828 	 482.1277839308829 	 416.7701072576648 
45648.51739417887 	 482.1277839308829 	 418.0940192395609 
45585.13187903349 	 482.1277839308829 	 419.9403787331979 
45662.141028148755 	 482.1277839308829 	 425.236389690802 
46003.019612178556 	 482.1277839308829 	 427.1643052937082 
46083.02039053663 	 482.1277839308829 	 434.1852642315856 
46268.08828702775 	 482.1277839308829 	 434.83904103105374 
46214.39490279735 	 482.1277839308829 	 434.83904103105374 
46342.72739846632 	 482.1277839308829 	 434.83904103105374 
46465.41906761809 	 482.1277839308829 	 434.83904103105374 
46457.39293698731 	 482.1277839308829 	 440.5586048266987 
46399.353758040525 	 482.1277839308829 	 440.5586048266987 
46476.90741750224 	 482.1277839308829 	 443.8887528678961 
46722.40090409471 	 482.1277839308829 	 445.1126083255517 
46660.70286821782 	 482.1277839308829 	 448.61971014273587 
46545.32797449374 	 482.1277839308829 	 448.61971014273587 
46567.661883172914 	 482.1277839308829 	 452.0784357303536 
46548.81035252735 	 482.1277839308829 	 455.4847461291969 
46771.05263964801 	 482.1277839308829 	 455.4847461291969 
46754.804839194316 	 482.1277839308829 	 455.4847461291969 
46941.4153214795 	 482.1277839308829 	 455.4847461291969 
47089.45058264447 	 482.1277839308829 	 455.4847461291969 
47126.10932097271 	 482.1277839308829 	 455.4847461291969 
47277.21931842444 	 482.1277839308829 	 455.4847461291969 
47298.51249451937 	 482.1277839308829 	 455.56528852160847 
47405.91764139847 	 482.1277839308829 	 455.4847461291969 
47459.30227542544 	 482.1277839308829 	 455.4847461291969 
47535.618981253036 	 482.1277839308829 	 455.56528852160847 
47524.16806728215 	 482.1277839308829 	 455.56528852160847 
47552.14258667738 	 482.1277839308829 	 455.4847461291969 
47607.90585757309 	 482.1277839308829 	 455.4847461291969 
47728.87739766015 	 482.1277839308829 	 455.56528852160847 
47626.17412943193 	 482.1277839308829 	 456.4627692217625 
47515.47669717856 	 482.1277839308829 	 456.4627692217625 
47523.54088128914 	 482.1277839308829 	 456.4627692217625 
47483.9209947132 	 482.1277839308829 	 465.2061412444827 
47445.95621333606 	 482.1277839308829 	 465.2061412444827 
47387.43627430733 	 482.1277839308829 	 465.2061412444827 
47432.723292952986 	 482.1277839308829 	 465.2061412444827 
47476.91724477078 	 482.1277839308829 	 470.6814337460554 
47505.65663766122 	 482.1277839308829 	 470.6814337460554 
47513.53730986135 	 482.1277839308829 	 470.6814337460554 
47458.98646666983 	 482.1277839308829 	 470.6814337460554 
47510.98262669392 	 482.1277839308829 	 470.6814337460554 
47432.53628475813 	 482.1277839308829 	 470.6814337460554 
47441.49859168407 	 482.1277839308829 	 470.6814337460554 
47489.88770676458 	 482.1277839308829 	 470.6814337460554 
47496.47768656432 	 482.1277839308829 	 470.6814337460554 
47532.41745875443 	 482.1277839308829 	 470.6814337460554 
47529.634032782575 	 482.1277839308829 	 470.6814337460554 
47489.036219601876 	 482.1277839308829 	 470.6814337460554 
47616.905316148506 	 482.1277839308829 	 470.6814337460554 
47638.13762772536 	 482.1277839308829 	 470.6814337460554 
47696.100918191805 	 482.1277839308829 	 470.6814337460554 
47689.807039399806 	 482.1277839308829 	 470.6814337460554 
47710.10246292345 	 482.1277839308829 	 470.6814337460554 
47702.87772188979 	 482.1277839308829 	 470.6814337460554 
47743.65273070635 	 482.1277839308829 	 470.6814337460554 
47780.600987472026 	 482.1277839308829 	 470.6814337460554 
47754.099514081456 	 482.1277839308829 	 470.6814337460554 
47801.13079516403 	 482.1277839308829 	 470.6814337460554 
47832.91758340656 	 482.1277839308829 	 470.6814337460554 
47817.26154813242 	 482.1277839308829 	 470.6814337460554 
47797.8427375021 	 482.1277839308829 	 470.6814337460554 
47768.68771147671 	 482.1277839308829 	 470.6814337460554 
47900.13692322203 	 482.1277839308829 	 471.9123877707719 
47872.69538319633 	 482.1277839308829 	 471.9123877707719 
47937.17434302489 	 482.1277839308829 	 470.6814337460554 
47942.05759113876 	 482.1277839308829 	 473.2433696745153 
47916.00432945884 	 482.1277839308829 	 473.2433696745153 
47962.25909315607 	 482.1277839308829 	 473.2433696745153 
47999.3068520052 	 482.1277839308829 	 473.2433696745153 
48029.73584653038 	 482.1277839308829 	 473.2433696745153 
48050.04738400836 	 482.1277839308829 	 473.2433696745153 
