sum_fit 	 max_fit 	 min_fit 
39957.913043228626 	 468.99113268427413 	 323.05623894859997 
40502.90289787454 	 470.6964287745934 	 332.37284649937664 
41011.50330079137 	 482.5553213652108 	 336.95606480097246 
41382.966755830996 	 484.9928869989343 	 339.20689373295284 
41702.913543500064 	 486.8501254091818 	 347.64151079445344 
41566.68645744493 	 484.7919730132685 	 349.32679236631736 
41747.72919637367 	 483.0671945080236 	 349.35032501711794 
41883.46718495466 	 485.94052811851134 	 351.3163155846979 
42395.643945166965 	 486.71465086602814 	 356.1331355854536 
43191.00838120964 	 485.85371553360426 	 351.5347137266463 
43649.05703656804 	 487.66035891436917 	 372.06468267433826 
43688.30971487334 	 488.41511659316456 	 367.0180306135836 
44338.98699638198 	 488.41511659316456 	 371.9951850244222 
44233.196210144335 	 488.6977121371383 	 367.5421355018735 
44332.18944622882 	 488.5658097080392 	 372.3491575090017 
44344.32521797101 	 487.269662599238 	 367.9491073307797 
44296.30045094356 	 488.82604774463744 	 373.81426136263786 
44737.28284317224 	 489.15451790631266 	 377.8394248918397 
44904.78250957305 	 489.37435428933827 	 394.0068554845197 
44811.341588607414 	 487.8598762682144 	 401.0043895397531 
44763.409736746544 	 490.40343312853645 	 389.65531130016007 
44871.08770068662 	 490.1632919747191 	 388.4880349160727 
45001.283358729175 	 492.6314395148721 	 389.3985889994735 
45114.614755743874 	 492.6314395148721 	 401.788095798904 
45032.05143786663 	 493.66488472226075 	 405.43479429574813 
45037.56598367768 	 492.2161690387196 	 403.4616298576186 
45108.910765323 	 492.2161690387196 	 402.563452515141 
45355.121262104745 	 481.9954582161666 	 421.20013567755507 
45388.95678923818 	 489.7044250053804 	 430.9801661873047 
45342.05101898528 	 492.2161690387196 	 433.29572721196246 
45500.22390019483 	 492.2161690387196 	 432.05836967211104 
45614.77165545593 	 492.2161690387196 	 431.70655065633775 
45601.018232644725 	 490.7144597163036 	 431.68486854925067 
45601.316032295465 	 492.2161690387196 	 431.8693527414252 
45615.20449104605 	 492.2161690387196 	 431.70835040411544 
45715.1552521326 	 492.2161690387196 	 433.58251260999094 
45941.450644475015 	 492.2161690387196 	 433.6820018596659 
46006.809668351874 	 491.03062086389286 	 434.34257547054335 
45950.76684153416 	 492.0270310916874 	 434.94697279343114 
46138.63441377197 	 492.2161690387196 	 437.4256363423533 
46176.02980265407 	 491.03062086389286 	 439.3056351969169 
46355.10606597219 	 491.03062086389286 	 436.87016762556334 
46412.854003448156 	 491.03062086389286 	 436.87016762556334 
46359.543560354665 	 491.03062086389286 	 438.62447053864946 
46112.16161995428 	 491.03062086389286 	 437.7556009001591 
46277.16324537825 	 491.2852143787709 	 438.9002320298885 
46364.99155431449 	 491.2852143787709 	 437.18766742237136 
46615.05142325545 	 492.47076255359764 	 438.34503935762956 
46688.669647278 	 492.47076255359764 	 438.4353108668456 
46696.842026235216 	 492.47076255359764 	 440.48988470602364 
46641.197687329666 	 492.47076255359764 	 439.4363321627625 
46742.55515219259 	 492.47076255359764 	 440.5074512061326 
46802.821799096055 	 492.47076255359764 	 440.4842655280885 
46697.397524317195 	 491.2852143787709 	 439.61539588959806 
46756.141244754384 	 492.47076255359764 	 440.6701014345381 
46744.752765935074 	 492.47076255359764 	 440.4842655280885 
46653.87775318486 	 492.47076255359764 	 440.170864606388 
46800.44473355843 	 491.63478822242325 	 440.170864606388 
46859.23159957018 	 491.63478822242325 	 440.3535386827708 
46954.858632037634 	 492.47076255359764 	 439.61539588959806 
46981.1865276504 	 492.47076255359764 	 440.170864606388 
46990.679420025626 	 492.47076255359764 	 442.02073955050537 
47167.21671306391 	 492.2161690387196 	 442.5762082672953 
47196.59002187652 	 492.2161690387196 	 442.06301619741134 
47351.74240649003 	 492.2161690387196 	 454.58657866463494 
47424.83188843599 	 492.2161690387196 	 453.42920672937663 
47431.22405542694 	 492.2161690387196 	 454.031109947845 
47481.545751637685 	 492.2161690387196 	 452.87373801258667 
47530.179184297915 	 492.2161690387196 	 456.808599450449 
47750.438354129605 	 492.2161690387196 	 454.7692527410176 
47737.40526376483 	 492.2161690387196 	 458.55480787623065 
47947.48797460652 	 492.2161690387196 	 459.0223770418018 
47721.65602894924 	 492.2161690387196 	 455.31441329665296 
47624.22392752391 	 492.2161690387196 	 454.7692527410176 
47526.523611130426 	 492.2161690387196 	 454.031109947845 
47335.10545400376 	 492.2161690387196 	 454.031109947845 
47440.759665653924 	 492.2161690387196 	 452.87373801258667 
47348.27846003247 	 492.2161690387196 	 452.87373801258667 
47499.629772041815 	 492.2161690387196 	 452.87373801258667 
47497.750154628375 	 491.4027740117351 	 453.6118808057593 
47583.30295626116 	 491.4027740117351 	 452.87373801258667 
47637.31673596381 	 492.2161690387196 	 455.92144525729526 
47590.86151271449 	 492.2161690387196 	 455.1833024641226 
47575.083700444164 	 492.2161690387196 	 453.74260765107704 
47603.6776757006 	 492.2161690387196 	 452.87373801258667 
47567.84096424087 	 492.2161690387196 	 458.2338484763199 
47755.26435757998 	 492.2161690387196 	 461.0046701908152 
47849.391069594174 	 492.2161690387196 	 460.506586364344 
47896.12185932013 	 492.2161690387196 	 460.506586364344 
47931.19839652144 	 492.2161690387196 	 460.506586364344 
48032.60633262198 	 492.2161690387196 	 459.95111764755404 
48100.5204858805 	 491.4027740117351 	 468.5050149154496 
48065.42932583315 	 492.2161690387196 	 468.68768899183226 
48128.778738923305 	 492.2161690387196 	 469.04799845828893 
48177.98719665236 	 492.2161690387196 	 468.5050149154496 
48128.600616082 	 492.2161690387196 	 468.5050149154496 
48156.1211820246 	 492.2161690387196 	 468.5050149154496 
48148.58750085926 	 492.2161690387196 	 468.68768899183226 
48146.77480557911 	 492.2161690387196 	 468.5050149154496 
48034.348569805974 	 492.2161690387196 	 468.8184158371499 
