sum_fit 	 max_fit 	 min_fit 
39858.995119859566 	 469.794763924924 	 333.4020062671309 
40115.45345580797 	 471.8079392282833 	 325.9145977245962 
39865.91401322023 	 462.80803661791276 	 332.5678008411671 
40093.65836837779 	 472.98384825314156 	 334.5280377828568 
40482.48154400825 	 473.94674524240133 	 337.0252746187615 
40769.05962346718 	 477.14011816607285 	 330.5195168659359 
41113.935360493604 	 484.1937810375739 	 341.6417937108481 
41643.072629021626 	 485.43164942126816 	 338.85926302260145 
41842.892004484456 	 485.9795440473172 	 346.7107023746404 
41741.85707449929 	 482.9257291433739 	 349.40441217549284 
42079.02284909998 	 484.6039840652448 	 355.06928167444914 
42141.127139258286 	 477.88614654967233 	 349.0610027063336 
42142.09216083747 	 480.16499381917174 	 348.95814520198337 
42387.76909625785 	 479.4220338906592 	 358.86418911125907 
42432.31174972397 	 480.983187290213 	 361.32114914413603 
42444.24285268172 	 477.04750080680066 	 362.5707197730647 
42689.72910706393 	 477.60885491782034 	 362.84458042767704 
42812.53821211499 	 480.50379420167906 	 361.0587155616555 
43191.11140255302 	 482.42996395487813 	 377.6344069477536 
43248.324232341634 	 483.44719867066635 	 373.14713030153155 
43145.872597758076 	 474.5604090232361 	 375.679158266425 
43181.380897072304 	 475.5072425712389 	 379.9616157492552 
43100.16946666014 	 476.7971242038213 	 383.941309039211 
43039.42063307103 	 473.98984147637765 	 383.55053616135 
42918.94465366367 	 475.6375930277176 	 384.79788394674074 
42882.10479950851 	 481.4795267985362 	 386.23789856627195 
43046.3824440506 	 476.5368134300458 	 385.66023105660656 
43277.67491736903 	 473.82321432663815 	 384.52757206760725 
43145.05070692497 	 475.80015946209136 	 385.0963361699472 
43501.47491586288 	 478.2311658964845 	 389.98327525582226 
43481.01788575507 	 480.8634212635788 	 389.9835580333189 
44019.75432262634 	 480.1762434886701 	 390.9209385933649 
44191.70139742208 	 479.05720204113646 	 388.143597958649 
44483.20143407358 	 481.64728692276736 	 395.353694706482 
44446.15766832973 	 482.07707159269745 	 396.4780987608035 
44587.585213528364 	 480.8145199168012 	 395.96331925054096 
44355.01261129977 	 479.77748965600637 	 397.83638570882874 
44843.80162387245 	 481.49764610350604 	 396.1851859515856 
44907.64193881863 	 479.31067827425335 	 401.26662716202486 
45151.16760938341 	 479.42212556307715 	 404.26014670114864 
45407.698250236324 	 479.49082428652383 	 404.2177909202625 
45697.159943371094 	 479.637108458409 	 413.1602567102526 
45790.50215530455 	 480.95840680818435 	 427.5559941586864 
45738.959933124 	 482.01790390192235 	 422.64844328262586 
45696.427373531245 	 482.01790390192235 	 427.12250675066656 
45705.398532187406 	 481.8904583890314 	 426.9370454152176 
45669.19311148574 	 479.06197537606494 	 427.40099180452046 
45663.68663216506 	 477.7906979762925 	 424.719559141816 
45806.46256942373 	 478.73057824619053 	 430.2631112711745 
45889.070100646684 	 478.63741103293813 	 429.5264467185801 
45771.8394687064 	 480.6607942037859 	 432.13804699923475 
45866.18673251619 	 481.0693736229891 	 427.8190385292559 
45843.37186887817 	 481.0693736229891 	 428.64224243267694 
45849.816454287604 	 479.9125406005632 	 429.2667796262884 
45885.46471527603 	 479.77974835951994 	 426.96945361812675 
45832.8461296945 	 479.8678121866869 	 430.90326406715593 
46087.02523023698 	 479.8678121866869 	 433.6306295514012 
45976.30916834515 	 479.79675570415554 	 433.7620715783117 
45895.45688241153 	 480.1156238149795 	 433.8633072131131 
45958.145889353575 	 479.95671803827565 	 434.6195032716211 
45951.44628953442 	 479.95671803827565 	 430.47054634485215 
45808.76764999097 	 479.9637539675786 	 431.7153210688681 
45753.42348355612 	 480.7415318320258 	 431.27834224770544 
45806.95302525698 	 478.7613851039518 	 432.3384863745483 
45688.192680800494 	 478.8664390489647 	 433.1343144324167 
45710.76151258977 	 479.4820998366509 	 432.19670573785646 
45738.23461079926 	 478.9716597556426 	 431.64933601659067 
45764.32505545307 	 478.6017007703188 	 432.69098434275 
45892.271239702925 	 478.81619098093205 	 433.7719181355035 
45839.27306711176 	 480.08922452223914 	 431.9082274318859 
45921.83040502689 	 480.64121189512315 	 433.28963006343616 
45997.90267950755 	 479.1246048530981 	 432.80981646447725 
45890.389735048855 	 479.1246048530981 	 430.5820639678781 
45807.38831304427 	 479.7520975243255 	 431.7496948733239 
45882.45528521635 	 479.68989164233807 	 434.1048169458076 
45724.89846740858 	 478.1115775285528 	 430.7850421824934 
45701.78916857332 	 479.37567180250005 	 432.1783989783083 
45719.59931020392 	 477.431923555099 	 431.34288091994307 
45726.793504984584 	 478.8117535149446 	 432.71386544050193 
45625.34841370338 	 479.7477452359162 	 430.316438662934 
45608.661814412306 	 479.3235545228469 	 429.99311022315396 
45673.89678986203 	 480.044940696786 	 432.8160879752698 
45702.71949798358 	 479.0617353880149 	 435.15866602508305 
45793.446042340554 	 479.340022411706 	 432.312650420775 
45954.88155539085 	 479.95700804706456 	 435.3498605748752 
45929.96251444206 	 479.4649966302068 	 435.7198823776196 
45981.29670123175 	 478.550971705413 	 435.02286397242966 
45871.66118263676 	 478.87744783312013 	 433.1747090558484 
45998.925566450926 	 478.9533297953979 	 432.2083826951338 
46016.17963675484 	 479.64160034705424 	 433.71980711971554 
45954.32195053875 	 479.7741068310177 	 435.38892144885955 
45895.49035878091 	 479.8470851441671 	 432.8318269442167 
45932.50840210685 	 479.7788922048013 	 431.6270965185302 
45982.212585128436 	 481.14089244207935 	 434.6676560272017 
45816.64582880671 	 481.19817283597007 	 431.7559334865454 
45800.551396030816 	 479.35667822299405 	 431.19744108722256 
45729.95165148357 	 480.63518675198674 	 430.33846687844647 
45684.45992153748 	 480.83910713143206 	 431.61740706694735 
45800.03705528396 	 480.36909744688904 	 430.09853573677645 
45727.87641414603 	 479.90505250286 	 432.6815929530657 
