sum_fit 	 max_fit 	 min_fit 
39943.843257617336 	 471.3682681692776 	 318.4573957577793 
40120.80476625405 	 470.0929563105721 	 332.10480850949915 
40323.18754725871 	 471.2347255731112 	 335.4713107090521 
40272.11416082142 	 472.1443748071217 	 314.17832042118556 
40659.43495120819 	 475.9424713185741 	 331.3090329667464 
41281.781527551946 	 478.6486251094643 	 337.37031461622746 
41718.78766725664 	 483.05676938839383 	 344.54370212937715 
41780.3015243035 	 487.3227715644298 	 329.820221361004 
42174.35462826487 	 489.0876462777886 	 337.543391148817 
42611.27986429453 	 491.06919966419343 	 343.92880923262385 
42995.66962748976 	 498.6712775304722 	 352.6451972427095 
43196.847420540194 	 496.52630204183333 	 356.9358408044458 
43293.32070327069 	 497.5935765245125 	 349.96884748599166 
43134.25646420026 	 496.74383094621123 	 358.66387675280123 
43006.91565925956 	 490.98952758991265 	 358.32849697592314 
43334.13024179847 	 489.5276378062059 	 371.2745780862722 
43622.58417078892 	 495.06456219846154 	 376.3110799961431 
43652.165371287374 	 495.28596245304084 	 371.2816997430415 
43491.72070625037 	 492.4867714027664 	 372.06281664878463 
43707.03377885885 	 493.8176774664246 	 385.0767280350583 
43789.004358825136 	 498.614280406367 	 380.3029177633895 
43803.78175589522 	 499.9056727964563 	 373.83252816954575 
43469.55206009063 	 498.41124244695015 	 376.1388667440166 
43455.76429579078 	 497.8721016825464 	 378.6035224252726 
43464.297919547986 	 497.8721016825464 	 387.629446438432 
43427.47948466581 	 497.8721016825464 	 386.24759162048866 
43592.018016997594 	 497.8721016825464 	 385.49735269414805 
43583.75318640253 	 499.0260465862484 	 383.913620883166 
43807.05541955061 	 499.0260465862484 	 385.9862077808971 
43954.33681767605 	 499.74885056244534 	 386.4742941553933 
44126.43893920172 	 499.12556831367 	 389.0272875832592 
44190.3468290034 	 497.361243908076 	 392.4968488947813 
44312.88504432563 	 498.9040310804607 	 391.6394375057189 
44270.00908291682 	 498.83887357593755 	 393.78169405559566 
44378.23031181583 	 498.2840357588014 	 387.80914752033584 
44278.81683431398 	 498.8611033536237 	 387.4993807894108 
44442.04780019655 	 498.2312844580017 	 387.60950317928916 
44276.14297359745 	 497.2892096206338 	 389.4489849839951 
44449.56197291938 	 497.6600985362155 	 392.0707302580569 
44469.75566825607 	 495.5290969324385 	 394.20307866532187 
44416.75598149164 	 496.6161710381984 	 393.3662761228446 
44842.1009038861 	 498.65530928651106 	 396.35241852612586 
44918.072662107144 	 499.9865743227781 	 397.8234019408822 
45224.43697517118 	 500.6150921662712 	 397.0653120745263 
45436.187300856756 	 500.6150921662712 	 399.0797317676866 
45782.86564435718 	 500.3522231039153 	 406.20273719264566 
45723.46354358921 	 499.20055517448714 	 408.87388942833303 
45841.32474878531 	 498.36949938901336 	 404.2395862415447 
45981.61302844728 	 496.7979586125605 	 404.26520620100735 
46163.58059911056 	 497.9613101950034 	 409.3056420709469 
46123.914683543204 	 498.517461667206 	 406.7368721856784 
46328.811679453116 	 497.4324825689294 	 408.7400689515365 
46592.500217690285 	 498.6760634777977 	 413.805898408557 
46627.65208938427 	 497.30749175975234 	 414.320816401534 
46471.11598258156 	 497.86551377404703 	 411.6431287325716 
46609.241355955426 	 497.7947414645665 	 411.289032570625 
46615.28729526147 	 498.4349912373195 	 414.28740481018144 
46744.38021629462 	 496.21315493470036 	 412.9905568503076 
46659.32672052411 	 498.2710383669367 	 420.3089154961948 
46677.20574769333 	 498.6963202404652 	 414.99547162250093 
46605.84315331182 	 499.290110198594 	 414.6453239028977 
46477.464092362534 	 499.7208638527894 	 413.2395923600325 
46477.440231796674 	 499.94580784865013 	 413.07628794627584 
46735.764594053 	 499.20644889620905 	 421.08853064659894 
46833.62226194937 	 499.7638654528348 	 414.917548626276 
46540.21098683812 	 500.9135699935223 	 421.0701320467884 
47010.38592546122 	 501.06873480110846 	 417.27563213698124 
47046.486810232804 	 501.06873480110846 	 426.4091889190976 
47076.5565696266 	 501.06873480110846 	 435.00149979762074 
47092.40029595956 	 501.06873480110846 	 432.6113991417702 
47269.19851927289 	 501.06873480110846 	 433.08659992869923 
47258.16424891845 	 501.06873480110846 	 429.9270313761136 
47089.3160949635 	 500.8709103201272 	 433.9276428961517 
47150.984516584904 	 498.9366995066131 	 437.4693410335492 
47111.958477646804 	 499.3659637517894 	 434.5202051816125 
47288.82056817026 	 501.0809446810283 	 438.02248244126764 
47358.954317604315 	 501.0809446810283 	 435.67748263609235 
47244.38550201747 	 501.0809446810283 	 430.6631165949259 
47162.17543287182 	 499.12263365211265 	 433.86666560362477 
47036.009781887464 	 499.7358128986859 	 442.16570532757936 
47006.9642330911 	 501.7503198525044 	 437.5749536182833 
47084.64646706079 	 498.2246596921999 	 443.4846194238817 
47206.32618460097 	 500.98782016212397 	 437.97720417921664 
47270.878813372736 	 501.7503198525044 	 439.8590497587849 
47226.36021718916 	 501.7503198525044 	 444.14259217271206 
47042.80799873333 	 501.0916629862429 	 437.1228914381744 
47109.294777971554 	 500.58404587771736 	 436.9111976929631 
47290.90487302545 	 499.2366168579635 	 445.6214123450802 
47323.90797123345 	 499.723603018766 	 446.81637650372807 
47332.68963061727 	 500.28459470728103 	 438.77161930492673 
47345.0072703616 	 500.28459470728103 	 442.66837717262916 
47514.91259058417 	 500.28459470728103 	 437.80607929419733 
47418.28432263399 	 500.28459470728103 	 437.5421358672666 
47474.68854470678 	 500.0220224007941 	 439.13931483473516 
47228.96603686696 	 499.04983202789674 	 439.66435992318 
47520.662201230276 	 500.28459470728103 	 438.9125780488997 
47576.193872848526 	 500.28459470728103 	 446.56837868832406 
47493.90849279371 	 499.8654653448349 	 447.91338890515726 
47464.538745704514 	 500.28459470728103 	 446.8929096005354 
47699.45270258813 	 501.24270274397884 	 445.6901364177702 
