sum_fit 	 max_fit 	 min_fit 
39900.62649478046 	 468.7746592856029 	 324.8168669089241 
40126.56158256882 	 473.3142750580513 	 320.32216954630246 
39901.68263955872 	 477.1352250704466 	 325.4636625520574 
40090.0511162758 	 474.858420163284 	 333.24044107581426 
40109.2771862527 	 470.61115446586706 	 330.9295657479908 
40365.775989577596 	 474.25917011394426 	 337.08169835557334 
40898.596342305114 	 477.808842130458 	 336.79009050104776 
41481.05971124051 	 476.826835771278 	 345.52524748373105 
41254.40962898017 	 481.6439539439049 	 345.0954548465703 
41348.78795577395 	 480.908384819262 	 340.424867912281 
41484.511117039154 	 480.9183509920738 	 341.16839741022295 
41826.663783435004 	 478.8317375110721 	 343.08201474097 
42105.45430492716 	 482.37313230114734 	 344.6964294217473 
41816.51872045621 	 483.54247310086805 	 348.5771209632963 
42193.41890225731 	 484.3639361021369 	 359.0377977901503 
42188.39837542274 	 483.59832106222507 	 356.6576825134578 
42392.86216105019 	 481.9922258421398 	 367.96984612688254 
42484.68113989556 	 487.11159069079315 	 371.2650748722384 
42658.309170716006 	 489.87729521172105 	 365.95925388095884 
43187.214079150435 	 489.0636690537875 	 363.85819661764083 
43531.56845126518 	 490.34923135043357 	 373.03199802860945 
43977.06790176389 	 487.7701282827552 	 372.6738882489119 
43959.11608882715 	 488.2457832724682 	 382.0293518254538 
44313.79376335335 	 489.7348419671282 	 379.7111108778068 
44235.26576206727 	 488.33356835578945 	 387.09166558975187 
44439.62250261636 	 487.16249329537897 	 387.7805033333922 
44963.68956724049 	 488.49038551823276 	 396.4959356064734 
45054.02219755405 	 488.5903456653234 	 392.1263342448689 
44909.71475620913 	 489.32106374632247 	 394.6283234023748 
45043.82402929579 	 487.1885589414563 	 391.30554238744037 
45203.14540379384 	 486.73137212877896 	 397.7857860046187 
45331.10563395177 	 486.8300811282179 	 395.8285820830255 
45403.43153498998 	 486.93169634763126 	 405.6601416217457 
45329.99723157882 	 489.0174626910019 	 412.01566689853496 
45232.07644699932 	 490.2296742238691 	 415.7633199903511 
45410.80585825688 	 488.53620449132484 	 412.85097427322387 
45303.23127401262 	 489.23389794946024 	 413.23791563688883 
45492.866400180916 	 490.4404812645627 	 415.57597546569394 
45460.90978259205 	 488.56694778327045 	 413.4661404562298 
45418.437748280216 	 487.3983056105386 	 415.4705297288177 
45483.4682512628 	 488.5708143637177 	 414.9364070008515 
45707.83848554242 	 488.0608603084517 	 415.1351768168423 
45893.12515821748 	 489.2346099332 	 416.9429854761918 
46179.65159068914 	 490.13681300381234 	 418.8153954153936 
46223.902143669926 	 489.5543068124408 	 425.1858821621754 
46339.22594161937 	 489.35763159539437 	 425.1166340756439 
46348.780988935 	 491.8734037243905 	 425.7048450047658 
46518.06497906125 	 491.3946336419816 	 428.15403103408005 
46503.68141590865 	 491.0664920232982 	 425.56491989694143 
46452.86976838068 	 490.10363280693855 	 427.39719310916894 
46744.36660014589 	 491.0464581782687 	 428.7893797545769 
46905.498381061785 	 490.76897205699 	 434.9788264818204 
46934.95378234894 	 491.43183232738363 	 436.4597272618254 
46851.99521717569 	 491.43183232738363 	 442.1753794533354 
46830.4266509915 	 491.0014580833531 	 441.63095340225277 
46880.37978267979 	 490.89466068045226 	 440.75376888513927 
46972.20823230367 	 491.26824548823265 	 445.2738224335953 
46925.235438594624 	 491.26824548823265 	 443.76799596431795 
47061.5948302342 	 490.60951203418136 	 446.3161709944868 
47056.85882043863 	 490.1371390937613 	 446.0092055620685 
47174.22917827958 	 490.7450485260801 	 444.54719081091247 
47178.41466931557 	 490.6901735218238 	 447.04128958452515 
47254.635442834275 	 490.6901735218238 	 446.455458839973 
47199.319891213825 	 490.41864207354763 	 447.2942956110128 
47074.17050780516 	 488.08496957555803 	 447.1163663703233 
47272.125021180575 	 490.33459676193525 	 448.23261909412236 
47259.38245646065 	 489.0637399393189 	 446.46574279868 
47415.52098869192 	 490.64127922133696 	 446.6625039817365 
47282.7438297356 	 490.76453141621596 	 447.9430192269255 
47214.79393296926 	 490.8022621647592 	 445.9708250902469 
47108.57356757519 	 488.6416430896891 	 447.54297004331005 
47123.32634351076 	 488.0419590752519 	 446.71440748340063 
47141.851380040964 	 488.4491836217406 	 448.87051590482446 
47078.27865400247 	 488.25352336898345 	 448.01313775790686 
47029.92857183291 	 488.52633162072544 	 447.596608812305 
47081.907498252214 	 488.85623838985117 	 448.31532087549544 
47178.54663390144 	 488.9033969978583 	 448.7678237381082 
47274.12512802061 	 489.04162087972713 	 447.53364025905904 
47392.8865167115 	 489.1898629696935 	 450.1020739715035 
47076.88920579427 	 489.3845579763552 	 448.0110692709983 
46950.272760706765 	 489.3845579763552 	 448.1502926316965 
46958.84499807235 	 488.995376006307 	 447.87919632782393 
47072.633135165 	 488.82504063833255 	 447.0815007303089 
47186.085357587 	 488.9030804004451 	 448.6688307337649 
47171.993212027824 	 488.7825635399955 	 449.6644976075568 
47005.667714708194 	 489.0187242220551 	 448.39509929521745 
47069.728949122145 	 489.2049867530678 	 448.17999497467713 
47119.116052344674 	 489.2049867530678 	 447.196439342895 
46928.16390825807 	 488.08217459803785 	 447.51941373531446 
46951.90540078323 	 488.6471973598865 	 447.2247287678541 
46912.39419137621 	 488.89682108066614 	 447.1417812784656 
46909.49917855949 	 489.22491186633835 	 446.9459464935401 
46966.09976134598 	 488.8870852635046 	 448.83268357690156 
46986.039188966926 	 488.1082738832648 	 446.93379269965317 
46992.70507832718 	 488.0829744528488 	 448.3451774241852 
47207.973460562236 	 489.01728817966375 	 445.9441343523053 
47213.42927547482 	 489.01728817966375 	 447.4552752340388 
47179.855074132094 	 489.1413083243858 	 446.7564728835541 
47245.56366626274 	 488.8468055951795 	 448.03304438715037 
47352.72318664301 	 489.37108227465933 	 447.23797648194795 
