sum_fit 	 max_fit 	 min_fit 
40451.454044931605 	 463.6827444194912 	 327.0520560531026 
40454.83112011802 	 467.0755536003161 	 339.3230336405277 
41106.165136539 	 472.31140353582697 	 346.3866224566441 
41245.30543582337 	 469.3736706472247 	 342.3338140959655 
41578.008193322465 	 470.61650319652927 	 350.11156336123173 
42028.16087954735 	 472.074813292927 	 345.79449941552804 
41857.64183797009 	 473.5560787624701 	 359.74711959906074 
42142.52605521764 	 471.98884581146206 	 355.82414649850045 
41821.66278751144 	 473.276587357753 	 351.8661232526372 
42242.47292234759 	 473.88002949001464 	 366.2047365381743 
42421.30190615644 	 474.3247522787468 	 356.81470438241445 
42528.55147011588 	 472.2350448770223 	 355.85585810544046 
42640.13725213062 	 473.0149078923178 	 357.98648561207733 
42737.1902965361 	 472.81312478902913 	 366.12317058308315 
43001.626018599054 	 469.4041551482891 	 366.4919806204859 
43400.36482647163 	 469.4160190310461 	 383.4053191923581 
43625.97418775881 	 472.79216396376756 	 385.77178873120874 
43642.044063532725 	 472.79216396376756 	 388.40163921491734 
43865.80146813585 	 475.0947102904289 	 391.11046098461014 
43888.18668817126 	 475.6011179212056 	 384.3345123702568 
43982.4796526593 	 477.5143857808466 	 390.17898275007525 
44300.001683157345 	 476.14216348062416 	 388.17105132388724 
44428.844732188816 	 476.3187501633347 	 392.92209011787224 
44452.68346202448 	 476.3187501633347 	 393.76748633955634 
44356.42005957987 	 476.5069607509125 	 391.52885616544995 
44495.09965771392 	 476.8304413037173 	 396.5561806016462 
44652.54879680498 	 477.7902507819503 	 393.0681650803442 
44537.62946139122 	 477.7902507819503 	 394.60709319306784 
44643.49314221688 	 475.56424876455964 	 400.52469333955764 
44848.843436923555 	 476.84948958049307 	 405.7177916550502 
45077.08650706528 	 477.07826180017065 	 405.7177916550502 
45034.673808945896 	 478.0190230016279 	 406.64106183546517 
45042.80443110391 	 478.0190230016279 	 407.07191658928616 
45076.75606107424 	 478.18550815489345 	 416.6012881503593 
45272.55781529851 	 478.18550815489345 	 422.66698729603405 
45534.80519016306 	 478.18550815489345 	 428.19714374571737 
45704.24186861314 	 478.18550815489345 	 427.1259141438249 
45880.37638552483 	 478.18550815489345 	 427.94882018868094 
45849.80698907558 	 478.18550815489345 	 432.03455188453376 
45939.47574197763 	 478.0190230016279 	 432.29792762979724 
46108.20848322163 	 478.0190230016279 	 432.48745457082447 
46020.8039331115 	 478.0190230016279 	 432.48745457082447 
46008.80472905502 	 478.0190230016279 	 432.7428343568435 
46114.414178366686 	 478.0190230016279 	 433.6397118933689 
46046.10467426019 	 478.0576010766178 	 437.226107774943 
46074.00575511753 	 477.26665433824627 	 437.58859787530673 
46116.73012917355 	 477.26665433824627 	 437.29800961502787 
46060.86576617974 	 478.0190230016279 	 438.02365757156906 
46212.1931366241 	 478.0190230016279 	 437.2498145347818 
46152.42411738152 	 478.0190230016279 	 437.1816836805758 
46188.75725900463 	 478.03305069051737 	 437.60401443323764 
46249.30853813057 	 478.18550815489345 	 439.98339041317945 
46217.3966038551 	 477.43313949151184 	 440.4346787268539 
46414.5716184076 	 477.43313949151184 	 440.4346787268539 
46381.833245852526 	 478.18550815489345 	 443.42954760122257 
46367.30309656527 	 478.18550815489345 	 449.2006476618983 
46505.01130424117 	 478.18550815489345 	 449.3301145106976 
46614.366572828316 	 478.18550815489345 	 449.2096725642804 
46632.27529275675 	 478.18550815489345 	 449.2691488468747 
46642.09831424664 	 478.18550815489345 	 449.2691488468747 
46679.493205226885 	 478.18550815489345 	 449.2096725642804 
46565.10085493619 	 478.18550815489345 	 449.2096725642804 
46583.85497142295 	 478.18550815489345 	 449.07951518185723 
46546.729639014 	 478.18550815489345 	 449.3301145106976 
46637.515171774656 	 478.18550815489345 	 449.19995712827443 
46674.00483411352 	 478.18550815489345 	 449.787797654167 
46717.37212068363 	 478.22408622988337 	 449.787797654167 
46568.17572062205 	 478.22408622988337 	 451.46488955322656 
46608.10040698282 	 478.22408622988337 	 451.4054132706323 
46718.35240744852 	 478.22408622988337 	 451.4054132706323 
46739.86280258641 	 478.22408622988337 	 451.653651298351 
46799.54219097733 	 478.22408622988337 	 451.46488955322656 
46764.56077387651 	 478.22408622988337 	 451.4054132706323 
46737.7769533035 	 478.22408622988337 	 451.4054132706323 
46906.326991433256 	 478.22408622988337 	 451.48212165630616 
46990.17260389286 	 478.22408622988337 	 451.4054132706323 
47083.5848433613 	 478.22408622988337 	 454.449160443083 
47173.8149161687 	 478.22408622988337 	 456.31672042398856 
47206.982196621626 	 478.22408622988337 	 456.78359558838855 
47248.50515320932 	 478.22408622988337 	 457.5229422177425 
47117.52077991369 	 478.22408622988337 	 457.5379944059696 
47181.627268086915 	 478.22408622988337 	 457.48695534122714 
47134.42333279791 	 478.22408622988337 	 457.66703746391727 
47111.38837227257 	 478.0576010766178 	 464.7665195783293 
47108.42469731682 	 478.22408622988337 	 464.80250645484466 
47078.264636920474 	 478.22408622988337 	 464.7665195783293 
47078.918432061815 	 477.8288288569402 	 464.7665195783293 
47097.77746328144 	 478.22408622988337 	 464.80250645484466 
47096.51909313869 	 478.22408622988337 	 464.80250645484466 
47129.2979211521 	 478.22408622988337 	 464.80182029576724 
47184.822087248336 	 478.22408622988337 	 464.80250645484466 
47077.82043507418 	 478.22408622988337 	 464.80182029576724 
47082.87728437245 	 478.22408622988337 	 464.9229484012619 
47130.640066724794 	 478.22408622988337 	 464.80250645484466 
47159.822309753596 	 478.22408622988337 	 464.861982737439 
47145.09519839274 	 478.22408622988337 	 465.05074448256346 
47229.40577977035 	 478.22408622988337 	 464.80250645484466 
47189.8406740896 	 478.22408622988337 	 464.80250645484466 
47211.97343369214 	 478.22408622988337 	 464.80250645484466 
47182.30506711498 	 478.22408622988337 	 464.81755864307183 
