sum_fit 	 max_fit 	 min_fit 
39920.35534024387 	 469.6991796618983 	 331.86618767206613 
40319.123606638925 	 478.80928342208057 	 330.28001534972805 
40572.67755775137 	 479.8397044198043 	 336.2748177081332 
40847.2641320479 	 480.8528455788678 	 330.85714882432376 
41112.77810516719 	 480.8528455788678 	 331.57809357208777 
41372.188307360935 	 482.690146609253 	 339.0443871625119 
41553.3033005326 	 483.1847399721141 	 343.31664900345936 
41972.32657908306 	 487.30132787522064 	 343.38817925909507 
41935.10399403977 	 486.52440358635266 	 347.20462191933916 
41932.7998958654 	 486.354707249791 	 342.8171486675524 
42281.238673458516 	 491.691538571602 	 330.4426826085491 
42731.13570653752 	 490.091990494829 	 340.7892628273661 
43683.57545078145 	 491.3812729193995 	 349.1855979142781 
44111.859588742846 	 491.3812729193995 	 356.3990699815305 
43918.12408108815 	 490.64141687023897 	 366.63873190369964 
43807.03831988285 	 490.7456352686639 	 363.6331922681968 
44179.00941286737 	 491.73461310880447 	 362.37816446786644 
44679.000605372785 	 493.4342773274414 	 369.1119353621535 
44656.18467762635 	 493.8468801020754 	 366.2109407042184 
44768.20107810329 	 490.7739006674104 	 371.16434803654374 
44772.14146273126 	 490.6728885940961 	 374.9630827539968 
44884.67148020178 	 489.6158078965356 	 378.82713943754584 
44908.820947331726 	 493.59485578614095 	 382.3838604014345 
45472.84717987522 	 493.59485578614095 	 382.0544327156151 
45770.11569647705 	 493.8089374709637 	 390.01344331762954 
45626.22370443829 	 493.205539798918 	 383.78853562436836 
45628.662076085544 	 492.45613838644954 	 384.6199283052807 
45347.33229181227 	 490.88985089002506 	 387.8562175035733 
45744.740010054986 	 491.8547419242113 	 395.19144390056744 
45864.859941193674 	 494.02297626477747 	 394.83876041385554 
46192.04075477422 	 494.02297626477747 	 393.0956152348532 
46355.12901577919 	 494.02297626477747 	 399.3688700228414 
46621.564752465834 	 494.10948367635154 	 404.8879083412089 
46376.836289501094 	 493.72668346779096 	 410.3064615247583 
46316.07091382183 	 493.6701435666839 	 401.99568171547617 
46418.195790410726 	 493.58422113548386 	 401.62647677531913 
46442.956996591485 	 493.7240351398649 	 405.61968947833975 
46553.80552258217 	 494.2699495075844 	 407.13626764192884 
46399.04091374832 	 492.1630645115962 	 406.0797089792636 
46424.95946845785 	 492.1630645115962 	 407.3567401586306 
46165.60693034588 	 489.12763996714756 	 405.8965376539924 
46052.738877870426 	 489.08623197486656 	 403.3716255872065 
46089.00012360962 	 494.13236595800515 	 404.87951490484284 
46053.28840633083 	 490.69030603814423 	 406.50316475074 
46391.64576913754 	 494.4669324791378 	 422.7787508762483 
46720.831316401134 	 493.16854561770214 	 418.93143980847105 
46601.6660618943 	 493.16854561770214 	 417.8796020220409 
46724.88061894656 	 492.4473409873847 	 423.22086974135783 
46859.69053950479 	 492.4473409873847 	 425.46884209697146 
46827.69353463937 	 492.4473409873847 	 420.3023426849869 
46992.426961542136 	 492.9480570295677 	 425.04231452526886 
47065.07821580814 	 491.0134353535627 	 434.4439458122951 
46906.89949182704 	 491.0134353535627 	 435.74174343912273 
46879.83012129029 	 489.318643096242 	 435.8495261151345 
46899.96715475568 	 490.18035019216927 	 436.71999958218044 
46844.67531874387 	 490.18035019216927 	 435.0178782631125 
46775.18428397491 	 490.18035019216927 	 438.33595013393904 
46615.08685714087 	 490.18035019216927 	 434.9714979479845 
46711.703532755506 	 488.7816540782082 	 434.4976397259416 
46706.85622554095 	 487.96937041867636 	 436.34713409417793 
46631.74590186206 	 488.68465608531193 	 435.6927291818704 
46706.46510126802 	 490.12531496568295 	 433.6328269535851 
46593.36314123958 	 490.12531496568295 	 435.0226039352847 
46607.64814832581 	 486.6714799600301 	 433.69475615666073 
46791.47218134266 	 487.5712997662868 	 433.5626348221017 
46651.523663668486 	 487.0108319622623 	 433.7464655214556 
46877.04516270756 	 486.3057178358682 	 434.9868397558954 
46780.217487870555 	 487.2621433285608 	 434.28247034729316 
46640.5311861642 	 488.0034123293725 	 434.39819639141365 
46666.114806734564 	 486.330210795226 	 434.3675429165528 
46689.80941836913 	 487.2621738293238 	 435.5026006485949 
46919.81419704229 	 487.0596108547712 	 440.41009240475057 
46835.13723249789 	 488.22218402305197 	 441.20452933029446 
46761.93117191022 	 488.22218402305197 	 440.93203333814336 
46736.26502936161 	 487.3546404366584 	 440.72382765357395 
46611.10242291918 	 487.3546404366584 	 440.4636427895423 
46665.350564080865 	 487.48176373839954 	 440.6973340813125 
46928.550344278636 	 487.6805586858115 	 441.0501187369035 
46816.641236696945 	 487.48176373839954 	 441.2582950752918 
46737.82313465422 	 487.6086785695119 	 440.05365377542756 
46878.282422258315 	 487.6086785695119 	 440.2008316133135 
46988.97375415073 	 487.6086785695119 	 442.20154184264504 
46935.03611813036 	 486.618433966283 	 440.591306201154 
46948.935930455875 	 488.13723969936956 	 439.92946557566876 
46885.31388688588 	 487.2035319832831 	 439.7826550784564 
46840.59791819463 	 487.48176373839954 	 445.3262896724953 
46806.16935451941 	 487.48176373839954 	 445.3262896724953 
46776.96505073982 	 487.48176373839954 	 441.44325211510403 
46857.35018167105 	 487.48176373839954 	 441.2275728999002 
46893.22248724904 	 487.7497801273295 	 443.3418864835656 
47024.124937475004 	 487.7497801273295 	 441.19462854415576 
47102.91953745411 	 487.23741989311293 	 440.5249524668309 
47109.64682776638 	 487.23741989311293 	 442.6893865515316 
47261.43467321905 	 488.13723969936956 	 449.6136760445129 
47156.91737918013 	 487.3255510786821 	 446.4229817833973 
47104.950087330755 	 487.5534606874371 	 441.11910521250707 
47134.46016691149 	 487.5534606874371 	 440.3915420977445 
46987.36193463734 	 487.5534606874371 	 441.4373147877408 
47168.694158022474 	 487.8773803482173 	 445.82301400435495 
47185.69580947357 	 488.13723969936956 	 441.2751866126383 
