sum_fit 	 max_fit 	 min_fit 
40184.93411726795 	 468.5219022282733 	 328.23564047022285 
40614.06386972151 	 472.80349328993765 	 346.5159408791563 
40523.97275654165 	 467.2126093794311 	 335.78112372939694 
40704.18687742008 	 468.95059532479144 	 345.3557197214406 
40865.32137173335 	 469.07991742658743 	 345.8788751903951 
40591.573236075405 	 468.5905866130597 	 330.89715652583266 
40653.50332598479 	 470.0682479502027 	 331.7235029515447 
40635.96732493772 	 460.7779267913273 	 343.8484861664514 
40654.18704243626 	 467.56899088024636 	 343.93694532440577 
40733.48249731849 	 475.0004772946106 	 335.02145873261884 
41263.5492429162 	 478.19859525551266 	 337.49987217747037 
41447.52266813046 	 477.78635686636 	 346.4891751394606 
41257.429198325386 	 477.78635686636 	 341.8639128671591 
41380.02022505353 	 470.9189310850219 	 339.86044642790966 
41731.065505050945 	 475.95912875448073 	 347.6668070030429 
42112.80817693517 	 478.86771796487955 	 352.34617843021425 
42216.92938007151 	 478.8386808586814 	 347.05064367815305 
42325.40346660574 	 480.2118972602181 	 358.472154482689 
42561.1696805602 	 479.80591903747995 	 368.4978704300419 
42742.88410867329 	 480.5405956535387 	 363.5949896238219 
42981.302441568536 	 478.68018838923604 	 361.9397886688899 
43521.58269988846 	 479.66108074381157 	 357.5149333292155 
43554.060708357305 	 480.1160107807524 	 371.0882881230252 
43578.278770025296 	 483.32812750474756 	 360.13626561523347 
43724.06112530288 	 478.71542677641014 	 379.06495148820545 
43873.53367441336 	 482.5236991436629 	 392.08211450889104 
43938.495074688544 	 483.23356016896673 	 388.5628204793085 
43961.44012320214 	 483.3342747184496 	 388.83797198394575 
44105.6178560935 	 479.47400145879027 	 394.44609281890087 
44180.08934356568 	 482.3116242573567 	 390.4110382817334 
44464.53965416258 	 479.6247338398866 	 393.1152860739618 
44498.90181019818 	 479.7932570708151 	 390.53154023348577 
44724.17908234655 	 481.4952056848165 	 401.9127451069756 
44695.284140507065 	 481.4844836087493 	 395.05791235375784 
45206.775381415464 	 480.4484907798985 	 405.7516156044877 
45261.25094296744 	 480.4534840940685 	 398.62753854265384 
45540.81705658391 	 480.6846355451169 	 415.0429277773976 
45446.913873556274 	 480.3091820095531 	 414.6848137713679 
45689.8050625826 	 480.4178073490628 	 412.2754270645096 
45839.13075994543 	 481.8837893754838 	 411.48349665771946 
45722.78699942781 	 481.67547991966046 	 417.4723205342275 
45804.027035876694 	 482.31540866625835 	 422.383471927085 
45633.545683432356 	 482.5890794687833 	 421.9905331771489 
45950.08371018594 	 482.5890794687833 	 423.24120998577837 
46106.899476688515 	 482.79325697957876 	 417.99374246220844 
45791.89149937748 	 482.4310274413091 	 417.5248699383665 
45921.01440399245 	 482.52616597445694 	 415.3105534673731 
46028.03751939674 	 482.20794734723313 	 419.3904655060196 
46190.79264209293 	 481.9998477325222 	 418.35085773876517 
46209.17467352243 	 482.31579464701167 	 429.39845295865916 
46139.21501655417 	 482.2573227924091 	 430.5647661477641 
46222.19900191117 	 482.04981834364764 	 435.2444649117135 
46220.07082149853 	 482.5278624752721 	 435.89635826453605 
46198.02750497963 	 482.4874599185437 	 431.1153689282097 
46168.24852517896 	 482.4874599185437 	 432.2224872509055 
46205.568438137154 	 482.4874599185437 	 433.1981246959109 
46240.94823567417 	 482.280168735814 	 433.9303380342843 
46337.14649087077 	 480.4293691864408 	 433.89488999473315 
46204.166004572195 	 482.5458207381283 	 440.12871958730886 
46115.48527367161 	 482.23399318956126 	 439.53687132575914 
46306.10007086199 	 482.2689046065543 	 439.94798041496614 
46336.67802405893 	 481.64748053528325 	 439.126879820747 
46271.91696455589 	 481.8870910415398 	 438.885803112149 
46282.88247341472 	 482.05456730536815 	 438.6905555811158 
46289.51530301492 	 481.9188412075457 	 439.28137379717555 
46206.08752690432 	 481.066930799538 	 440.60999556976986 
46309.48685299713 	 482.0469422277414 	 440.4828083610601 
46412.97885699018 	 481.88920915556764 	 440.96781432201146 
46245.43601875089 	 481.4090305176254 	 440.3998431467053 
46257.47060057237 	 480.70858428691355 	 439.86336072162476 
46250.821226209024 	 482.442741050382 	 441.1234600942562 
46228.001834695795 	 482.5532095949543 	 438.9601177691851 
46229.58311507007 	 482.369327712118 	 439.8648219360243 
46273.81179949578 	 482.4569466831234 	 440.0250972406585 
46180.22761728818 	 481.5484213806757 	 437.9955957622385 
46109.784024576875 	 480.74827654928635 	 440.262187310957 
46285.84095332795 	 481.2956858552876 	 439.93077993847965 
46256.43430518221 	 481.36619773103234 	 441.651430463493 
46156.08892016349 	 481.36217643002306 	 441.1168404855873 
46256.39245592985 	 481.27850175461833 	 441.57761479899267 
46171.19891242517 	 480.43194232483086 	 442.33728892888763 
46227.04796926762 	 482.4745639182489 	 440.82150049142217 
46129.98959968888 	 480.8573762317932 	 442.024109768945 
46079.72805825198 	 481.7988240943533 	 441.1888368140196 
46220.96283871848 	 482.1151792509818 	 440.7587791722864 
46291.398819670736 	 482.3429855233656 	 439.63658678895877 
46317.625463811135 	 483.41796119394644 	 440.42539476465106 
46380.63774783363 	 483.41796119394644 	 441.17223909158463 
46340.674868422844 	 482.6998873051317 	 442.6877976166506 
46322.269130543966 	 482.5527056068477 	 441.8694856284314 
46299.032596497214 	 481.93248650322386 	 439.5054729302409 
46392.75616662892 	 482.1670781030094 	 440.4783411059186 
46520.440488977 	 481.6608113776023 	 440.3967068985427 
46418.81756349272 	 481.4243467802932 	 439.4776490534746 
46423.909850987606 	 481.41299513855546 	 441.43977862159994 
46317.48220981546 	 481.4480152369791 	 442.3036517063623 
46304.31669133719 	 480.4868846290944 	 440.5590783665331 
46353.304098864304 	 481.3324827988339 	 445.5134642032288 
46347.507061569224 	 481.3285173334922 	 445.45216814633693 
46404.20903014117 	 481.55207425675735 	 444.1030068605204 
