sum_fit 	 max_fit 	 min_fit 
39708.90809935265 	 465.9201994141207 	 324.75428578297743 
40268.232481761246 	 473.293047403307 	 324.6387508821736 
40323.43690490161 	 479.67570648491983 	 328.59593630121356 
40641.651058505646 	 478.3687482577733 	 327.128775931576 
41298.1696063383 	 480.55634972958666 	 335.88889698908895 
41553.46326591459 	 481.602625570991 	 338.34882335417643 
42052.935251723015 	 481.95399397995027 	 354.03136795305056 
42011.8741238432 	 484.32492583114896 	 348.44301747854604 
41954.12628129605 	 483.46602560177064 	 348.6796034184371 
42309.803103186074 	 484.5828517232635 	 349.9077976221998 
42304.54297390439 	 483.05005647077564 	 340.0222281594889 
42777.161571802484 	 488.36076915670446 	 349.27895228229045 
42738.711680533685 	 491.4312914548972 	 356.99419504263483 
43123.986329287996 	 487.7164950130758 	 364.0291222318798 
43139.37758101135 	 490.54106817998695 	 360.1621216334672 
43145.53484260345 	 490.54106817998695 	 360.8920169055006 
43652.77914082241 	 489.4506866221721 	 363.6804156229505 
43797.965313507724 	 486.5538647340045 	 355.67499687081107 
44056.839489373844 	 489.1206968193462 	 375.2916729415483 
44395.01268212138 	 488.12740096549146 	 378.642840702786 
44379.69703196778 	 485.60183879001136 	 384.74220236535376 
44566.819745581015 	 491.64870740099 	 389.82679342459335 
44722.52849061351 	 487.8012993044516 	 388.2442406051617 
44706.5078112186 	 486.2947445603316 	 392.55667941592634 
44926.88755216292 	 490.7137672013512 	 394.5431008871269 
45088.07067178695 	 490.71842218435535 	 398.9754032362084 
45301.21557310399 	 490.33699548106205 	 404.55945643264334 
45145.665059019484 	 488.2868471780023 	 411.4595855859941 
45527.98308952444 	 490.5421733505357 	 409.4406195507032 
45629.80878919759 	 491.4856516719051 	 415.440952538333 
45778.53475981808 	 491.59992190566805 	 416.27803589890357 
45678.55490047102 	 491.8308224540876 	 414.9470184420578 
45792.18601242227 	 492.5006706761281 	 417.72410871759945 
46044.72142112765 	 492.5300359261782 	 417.16902859274717 
46408.07137560139 	 492.98285450646705 	 420.4274262212758 
46282.328076488135 	 492.75814578632645 	 420.95254619455704 
46449.591917274185 	 492.3172555912547 	 426.39336237193277 
46348.71943201933 	 492.3172555912547 	 427.64442947304235 
46468.686319636385 	 492.2245628085368 	 424.95069594429435 
46422.1489739761 	 491.94185818455753 	 428.89279068764256 
46556.497720162646 	 491.8319377983004 	 433.7399506028018 
46550.546345160605 	 489.4656350706395 	 433.6447621819493 
46736.91405881014 	 491.38311422919674 	 438.2131567116679 
46752.70703587658 	 492.11819146883636 	 433.03396303102363 
46948.40796805268 	 492.9077971690981 	 435.8724649928495 
46981.610797035435 	 491.8122394788836 	 438.24664106020975 
46841.68949733673 	 493.13250594414376 	 438.6131141321255 
46784.64159447113 	 493.13250594414376 	 438.28817020997815 
46777.24008033796 	 491.4357722767116 	 437.60412804951784 
46701.895085444135 	 492.84701998269895 	 437.5792312116175 
46690.39451310388 	 490.25946391911657 	 435.9843400726304 
46808.632519356426 	 491.5312062782981 	 438.11330650521063 
46946.58652442188 	 492.93029141319573 	 439.9478479129299 
46868.89928380295 	 493.0770787689488 	 440.00717698068024 
46859.829871418035 	 491.6167604790735 	 437.6234176694659 
46862.15374601103 	 490.23662281253405 	 438.7488785423669 
46851.95009495694 	 492.03507924648557 	 438.3282208807889 
46813.523084514134 	 492.2843471684745 	 440.87924405986917 
46882.62015234548 	 493.42004740759523 	 441.21094065644485 
46903.90995334857 	 491.5083180333811 	 441.12179134244525 
46960.75768393424 	 492.0193794120273 	 441.7589859575046 
46833.28286659981 	 492.3383167859879 	 440.76686382402954 
47023.89347878384 	 493.91158503475435 	 441.1810480614198 
47003.608787360645 	 494.3392992565906 	 441.0971719059181 
47037.47134921742 	 494.3392992565906 	 442.8931872629751 
47157.54353863275 	 494.28706623699736 	 442.7638891273069 
47020.73813658542 	 493.27071559820126 	 441.4461401557488 
46960.79381699278 	 494.0691286678957 	 444.03997312979016 
47117.3898496151 	 494.0691286678957 	 442.5485913601582 
47106.21613894199 	 493.617481180141 	 441.6346407491014 
47227.043672117616 	 493.8038189955128 	 442.6661412562373 
47238.783874946756 	 493.84118505685774 	 442.3312670874815 
47045.929539306424 	 491.8697911334264 	 443.82387265259246 
47009.07237393407 	 493.64047363068244 	 443.4047498381335 
47124.74376221516 	 492.06327071313376 	 444.75233198976525 
46954.7793312229 	 490.22382261099233 	 441.8555858975912 
47012.45219810866 	 494.2747217099362 	 440.46489872098795 
47181.85076859876 	 491.8398643900057 	 442.6425982870104 
47219.08661052493 	 492.2255077623313 	 442.78850424322786 
47117.31830877204 	 492.610862282447 	 440.00219212269064 
47101.61483465471 	 492.69484225069016 	 442.19274655712167 
47157.34362989374 	 493.9504526937743 	 442.0111545442875 
46967.26207356748 	 492.71342415126946 	 440.3452330731626 
46973.14331993562 	 492.69287945610796 	 441.54998161485014 
47079.59767604797 	 492.5061349163068 	 441.11719928669936 
47134.81164781818 	 494.2747217099362 	 441.7471149292491 
47215.06114126247 	 492.83608545883885 	 442.265099141152 
47258.82481546287 	 493.65065753396186 	 441.7608872335702 
47337.560483119 	 493.6622349967505 	 446.5902878010482 
47312.068855772726 	 492.59569827068515 	 443.6629107817492 
47200.795494230886 	 494.3123991926359 	 442.24571629033153 
47213.39700609235 	 494.049808048834 	 443.10900269739136 
47259.35116474 	 494.0028548179541 	 445.37384483791186 
47288.7909216471 	 493.6993826389977 	 444.84190025729356 
47163.57371843897 	 492.51560508657303 	 441.20578941870815 
47125.77942776137 	 494.5982618348853 	 441.5097717656191 
47261.089539754015 	 494.5982618348853 	 442.3019148312975 
46898.02894178363 	 494.5982618348853 	 441.92040137556273 
46822.81638107157 	 493.965663626821 	 439.99648003039385 
46911.79832184511 	 493.910219145116 	 440.79254538384254 
