sum_fit 	 max_fit 	 min_fit 
39640.054546642576 	 466.7397468525018 	 338.4337303285148 
40034.8591895534 	 467.28981892688734 	 340.65609148511743 
40514.31487676763 	 467.28981892688734 	 345.93516541162495 
40642.99769380063 	 467.41743905242544 	 349.9514120219737 
41264.854797902386 	 467.41743905242544 	 350.8734574606903 
41584.05037346595 	 467.41743905242544 	 354.33210166423424 
41633.55389097611 	 469.22014605807925 	 369.3995995006465 
42154.99733256642 	 469.22014605807925 	 361.62530438972266 
42609.19882858162 	 469.22014605807925 	 361.62530438972266 
42853.57318284996 	 469.22014605807925 	 358.2326872478018 
43113.586535688315 	 469.22014605807925 	 366.34421191963446 
43585.82822700585 	 469.22014605807925 	 377.5374723024312 
43780.57280902356 	 471.30691508914623 	 381.82094649966643 
44204.829901217134 	 471.30691508914623 	 381.4371212323716 
44392.00636033718 	 471.30691508914623 	 385.1350267964729 
44631.3440083446 	 471.30691508914623 	 390.2928748679646 
44571.31614183971 	 471.30691508914623 	 386.1591218166147 
44792.62106330644 	 471.30691508914623 	 391.2691977780173 
44595.24959154 	 471.30691508914623 	 391.2691977780173 
44469.63297635339 	 471.30691508914623 	 390.8774347163063 
44928.47414648167 	 471.30691508914623 	 391.2691977780173 
45257.45586285247 	 471.30691508914623 	 392.3290613007419 
45521.86352436742 	 471.30691508914623 	 394.75707689838634 
45730.54212562869 	 471.30691508914623 	 392.3290613007419 
45251.599966256756 	 471.30691508914623 	 402.41574239975364 
45395.780526074974 	 471.30691508914623 	 423.45268126283895 
45514.20173086882 	 471.30691508914623 	 424.04961571933654 
45619.67891601479 	 471.30691508914623 	 424.04961571933654 
45747.37996979506 	 471.30691508914623 	 420.4624737740188 
45610.679826255444 	 471.30691508914623 	 424.04961571933654 
45658.521069344344 	 471.30691508914623 	 430.5596481568509 
45877.34886272707 	 471.30691508914623 	 432.216071267697 
45923.24155808996 	 471.30691508914623 	 431.9103813119382 
46009.78891616709 	 471.30691508914623 	 430.5596481568509 
46085.46509342134 	 471.30691508914623 	 432.43505705720935 
46246.892131760855 	 471.30691508914623 	 432.43505705720935 
46183.56916822609 	 471.30691508914623 	 430.4597094527268 
46261.80586237731 	 471.30691508914623 	 448.3841310774939 
46518.05734288419 	 471.30691508914623 	 448.3841310774939 
46634.758814598696 	 471.30691508914623 	 454.0997452566141 
46735.543841416635 	 471.30691508914623 	 459.7123636634115 
46744.547844932036 	 471.30691508914623 	 459.7123636634115 
46801.61480815524 	 471.30691508914623 	 459.7123636634115 
46822.94619837701 	 471.30691508914623 	 459.7123636634115 
46931.60493262054 	 471.30691508914623 	 459.7123636634115 
46855.63191060956 	 471.30691508914623 	 459.7123636634115 
46771.07660849629 	 471.30691508914623 	 459.7123636634115 
46811.17441417241 	 471.30691508914623 	 459.7123636634115 
46822.83204839073 	 471.30691508914623 	 459.7123636634115 
46859.691724209944 	 471.30691508914623 	 459.7123636634115 
46836.589561634435 	 471.30691508914623 	 459.7123636634115 
46960.08972541223 	 471.30691508914623 	 459.7123636634115 
47008.742597158955 	 471.30691508914623 	 464.5263609111085 
47080.27898747522 	 471.30691508914623 	 464.5263609111085 
47073.12372469368 	 471.30691508914623 	 468.8586058751703 
47070.68542092356 	 471.30691508914623 	 468.8586058751703 
47059.66144557514 	 471.30691508914623 	 468.8586058751703 
47041.241489132 	 471.30691508914623 	 468.8586058751703 
47045.576005656956 	 471.30691508914623 	 468.8586058751703 
47062.768385934774 	 471.30691508914623 	 468.8586058751703 
47072.92353731348 	 471.30691508914623 	 468.8586058751703 
47060.576894831574 	 471.30691508914623 	 468.8586058751703 
47047.358093232004 	 471.30691508914623 	 468.8586058751703 
47059.648852359955 	 471.30691508914623 	 468.8586058751703 
47047.39229812431 	 471.30691508914623 	 470.0819266951712 
47052.29558684815 	 471.30691508914623 	 468.8586058751703 
47044.90066294797 	 471.30691508914623 	 468.8102771908882 
47037.59572612046 	 471.30691508914623 	 468.8586058751703 
47027.80082169057 	 471.30691508914623 	 468.8586058751703 
47019.13914983444 	 471.30691508914623 	 468.8586058751703 
46998.276023896426 	 471.30691508914623 	 468.8102771908882 
47015.66454485348 	 471.30691508914623 	 468.8586058751703 
46994.80294949227 	 471.30691508914623 	 468.8586058751703 
47001.95510742649 	 471.30691508914623 	 468.8586058751703 
47006.59065239836 	 471.30691508914623 	 468.8586058751703 
47007.7549275372 	 471.30691508914623 	 468.8586058751703 
46996.93763704413 	 471.30691508914623 	 468.8586058751703 
47004.376735456884 	 471.30691508914623 	 468.8586058751703 
46999.63109135107 	 471.30691508914623 	 468.8586058751703 
46997.135236653005 	 471.30691508914623 	 468.8586058751703 
47002.03185508096 	 471.30691508914623 	 468.8586058751703 
47008.099246122896 	 471.30691508914623 	 468.8586058751703 
47011.772543730855 	 471.30691508914623 	 468.8586058751703 
47013.09929338891 	 471.30691508914623 	 468.8586058751703 
47006.98102171492 	 471.30691508914623 	 468.8586058751703 
47005.761036042866 	 471.30691508914623 	 468.8586058751703 
47011.83509738071 	 471.30691508914623 	 468.8586058751703 
47015.55427289878 	 471.30691508914623 	 468.8586058751703 
47018.98984308628 	 471.30691508914623 	 468.8586058751703 
47004.41675723226 	 471.30691508914623 	 468.8586058751703 
47002.11792758721 	 471.30691508914623 	 468.8586058751703 
46983.602880175895 	 471.30691508914623 	 468.8586058751703 
46984.8764712485 	 471.30691508914623 	 468.8102771908882 
46982.18206092062 	 471.30691508914623 	 468.8102771908882 
46994.02571253068 	 471.30691508914623 	 468.8102771908882 
47001.3335406503 	 471.30691508914623 	 468.8102771908882 
47002.30780037639 	 471.30691508914623 	 468.8102771908882 
47006.99991072881 	 471.30691508914623 	 468.8102771908882 
47010.61950176263 	 471.30691508914623 	 468.8102771908882 
47022.59487048091 	 471.30691508914623 	 468.8102771908882 
