sum_fit 	 max_fit 	 min_fit 
39820.394078991114 	 475.30411650427317 	 335.952418479376 
40271.57607843063 	 470.2868960548485 	 333.40816489313625 
40622.52198462246 	 472.9540414760379 	 342.1158098505182 
41297.45277941383 	 472.75876430958317 	 344.9891007159286 
41612.2570478532 	 472.8015218430447 	 356.4116856871959 
41592.71699864674 	 473.8843441915583 	 353.54325038410695 
41535.51949048265 	 478.12155797353194 	 358.9043995339441 
41367.67250086609 	 478.0259441987284 	 347.4477473094346 
41608.97671470821 	 478.0259441987284 	 347.4477473094346 
41363.72097240568 	 478.0259441987284 	 361.22682968020314 
41662.912819691104 	 478.0259441987284 	 360.2802587086337 
41712.268081379945 	 478.0259441987284 	 351.356877484033 
42094.117981113006 	 478.44202069668347 	 348.1922309211742 
42330.8493290374 	 478.44202069668347 	 356.63706777991706 
42582.82300745312 	 478.44202069668347 	 353.0389710506994 
42715.08674008926 	 480.02705035154713 	 354.77231070856624 
42600.52555896812 	 480.04662342017775 	 360.96255471100164 
43007.41525599548 	 480.30223765363473 	 360.00351211326614 
42973.9176336636 	 480.65142439060094 	 366.870166168036 
43244.28482154307 	 480.65142439060094 	 369.61313534158825 
43770.66905647906 	 480.1767566412915 	 381.23198011851775 
43559.169680120736 	 480.1767566412915 	 379.13606889487147 
44070.05848076732 	 480.1767566412915 	 392.0000689673252 
44017.72344248943 	 480.58306866302837 	 391.99933269500616 
44285.383095936966 	 482.1632214844569 	 396.0110787223043 
44455.15355971269 	 482.9574515460869 	 396.59844070530573 
44537.62467533552 	 482.9574515460869 	 396.58441968647094 
44923.10211861287 	 481.84708964053266 	 397.28978486050255 
45089.965110717734 	 480.58306866302837 	 402.72267591401953 
45170.1653788143 	 481.2898485838465 	 401.9705906069561 
45282.61924938423 	 482.39519919709846 	 414.15176084387286 
45547.68233592263 	 483.34841563875386 	 424.0064190842416 
45482.71310255908 	 483.34841563875386 	 421.6081421958479 
45344.73447614102 	 483.34841563875386 	 424.19660062375374 
45634.62612659692 	 482.73792186845674 	 423.2856184861431 
45618.125490715975 	 482.73792186845674 	 427.2314974696615 
45641.368627965436 	 482.73792186845674 	 425.1291420916325 
45565.504012146994 	 482.73792186845674 	 423.62713112966685 
45585.57277090678 	 482.73792186845674 	 422.68090526270464 
45725.28927502655 	 482.73792186845674 	 422.61107265977074 
45666.31078849339 	 482.73792186845674 	 423.3904629496002 
45557.82226134529 	 482.73792186845674 	 422.6768027693677 
45738.92586901819 	 482.73792186845674 	 434.5660199136481 
45750.93748853072 	 482.73792186845674 	 425.4019862922144 
45678.53439766339 	 480.1383133098532 	 439.11079516255336 
45759.227377773976 	 480.1383133098532 	 430.26173469274295 
45750.84023991134 	 480.1383133098532 	 437.32725032758685 
45780.01671145098 	 480.1383133098532 	 437.32725032758685 
45864.74306569885 	 479.44448495565496 	 439.2297569454355 
45925.586549474305 	 480.324368891086 	 438.95990157191807 
46102.77781983788 	 480.324368891086 	 438.7592157465126 
45990.63779975296 	 480.324368891086 	 438.1226226256332 
46117.61987393586 	 480.324368891086 	 438.62020513752964 
46204.22095051733 	 480.324368891086 	 440.6782758766177 
46359.05259038166 	 480.3908843555579 	 440.69955235806526 
46385.7402249804 	 480.6220879297366 	 439.88147425287264 
46552.66685482846 	 480.6220879297366 	 442.042397584823 
46763.25607552457 	 480.6220879297366 	 442.6149990476339 
46870.00237740457 	 481.0437056109673 	 443.27786829476105 
46803.49025602819 	 481.0437056109673 	 446.25340678261017 
46991.46074789291 	 481.0437056109673 	 448.8175236854716 
47013.93806276732 	 481.0437056109673 	 447.2363503790207 
47078.82694456383 	 481.0437056109673 	 447.2363503790207 
47082.31505619977 	 481.0437056109673 	 449.6427915378114 
47049.17148977234 	 481.0437056109673 	 450.7927652696328 
47113.68474671159 	 481.0437056109673 	 454.89100077814646 
47111.29565215794 	 481.0437056109673 	 461.0953338193256 
47103.935168822216 	 481.0437056109673 	 460.5875719896884 
47157.834948779855 	 481.0437056109673 	 460.9742248152455 
47095.980777324854 	 481.0437056109673 	 463.27267965219437 
47205.00580671586 	 481.0437056109673 	 463.27267965219437 
47303.14732134357 	 481.0437056109673 	 463.5425350257118 
47264.33350065508 	 481.0437056109673 	 463.27267965219437 
47276.3226514023 	 481.0437056109673 	 462.7030586472249 
47290.76863990487 	 481.0437056109673 	 462.7030586472249 
47213.5373140327 	 481.0437056109673 	 462.97291402074234 
47205.28959696564 	 481.0437056109673 	 462.97291402074234 
47247.84532877905 	 481.0437056109673 	 462.97291402074234 
47350.50778844266 	 481.0437056109673 	 463.5425350257118 
47362.03014974865 	 481.0437056109673 	 462.97291402074234 
47487.4611973166 	 481.0437056109673 	 463.5425350257118 
47537.05427702218 	 481.0437056109673 	 462.97291402074234 
47559.07906241171 	 481.0437056109673 	 462.97291402074234 
47526.48439498617 	 481.0437056109673 	 462.7030586472249 
47351.20352057325 	 481.0437056109673 	 462.7030586472249 
47301.06529423933 	 481.0437056109673 	 462.7030586472249 
47201.97991006144 	 481.0437056109673 	 462.7030586472249 
47253.49435853507 	 481.0437056109673 	 462.7030586472249 
47255.77059511043 	 481.0437056109673 	 463.27267965219437 
47301.4982113709 	 481.0437056109673 	 463.27267965219437 
47307.44001306797 	 481.0437056109673 	 462.98687354159017 
47385.254965260174 	 481.0437056109673 	 462.7030586472249 
47474.59592429131 	 481.0437056109673 	 462.7030586472249 
47446.37298548085 	 481.0437056109673 	 462.7030586472249 
47366.02550882779 	 481.0437056109673 	 463.55649454655963 
47356.490027592445 	 481.0437056109673 	 463.55649454655963 
47427.15396654654 	 481.0437056109673 	 462.98687354159017 
47493.25862569984 	 481.0437056109673 	 463.55649454655963 
47406.53959373983 	 481.0437056109673 	 463.55649454655963 
47494.04346950461 	 481.0437056109673 	 462.98687354159017 
