sum_fit 	 max_fit 	 min_fit 
39864.67398746572 	 463.8939162893231 	 325.0281560341707 
40470.49732667963 	 468.65310948717706 	 327.990706706624 
40515.87821638651 	 477.82590151456276 	 333.84447533200114 
41060.74268210129 	 480.70861274345435 	 335.7885436233747 
41645.057271196885 	 484.6277675597871 	 343.7837264604915 
41494.756940359424 	 484.43612046650105 	 339.1905710705771 
41780.23814427601 	 479.114619961936 	 353.87089822217945 
42505.56663134745 	 482.05563772954974 	 352.38578988336326 
42586.27369869602 	 480.468883867015 	 372.4688948357741 
42747.70656914996 	 483.2899696469453 	 373.7939934813021 
42788.92259687833 	 483.2899696469453 	 375.98232316698443 
43035.16532086734 	 483.2899696469453 	 372.885143875164 
43205.88984975807 	 483.2899696469453 	 378.82403544459396 
43408.991061906934 	 483.2899696469453 	 378.4513950535935 
43957.89411358431 	 483.2899696469453 	 379.34856886252226 
44023.53523313731 	 482.6444494784182 	 387.9241983139924 
44132.21345514077 	 482.6444494784182 	 381.94983224708244 
43973.609820775644 	 482.6444494784182 	 388.61823935586904 
44157.39846056416 	 482.6444494784182 	 387.6485980985593 
44677.792110647424 	 482.6444494784182 	 392.6588352272482 
45024.66425194747 	 482.6444494784182 	 394.7067845320337 
45222.487689521586 	 482.6444494784182 	 403.4913029820656 
45364.63957914602 	 484.7153643412714 	 403.7696278204344 
45666.40850854626 	 484.7153643412714 	 404.60522073209506 
45904.417461387944 	 486.2573689790792 	 411.07316433801617 
45914.8369457875 	 486.2573689790792 	 411.03134295697606 
46068.2521662761 	 486.2573689790792 	 416.88060807736014 
46287.34150394214 	 486.2573689790792 	 416.88060807736014 
46236.09067100301 	 486.2573689790792 	 435.59838272504265 
46265.24558742721 	 486.2573689790792 	 430.7223180324448 
46408.93158259631 	 486.2573689790792 	 447.3380172230856 
46387.97649227645 	 486.2573689790792 	 453.05057004647364 
46444.576610112235 	 488.72294799038593 	 453.158003810724 
46544.00324584883 	 488.72294799038593 	 453.9270459014005 
46556.98072592097 	 488.72294799038593 	 453.9270459014005 
46729.89351642519 	 488.72294799038593 	 453.9270459014005 
46659.70352807692 	 488.72294799038593 	 454.1684635726659 
46797.490523584645 	 488.72294799038593 	 454.1684635726659 
46879.08866115938 	 488.72294799038593 	 457.03953418462714 
46757.648495657166 	 488.72294799038593 	 457.03953418462714 
46600.59735910576 	 488.72294799038593 	 457.03953418462714 
46751.32213760975 	 488.72294799038593 	 457.03953418462714 
46821.802433639474 	 488.72294799038593 	 457.03953418462714 
46740.77481457565 	 488.72294799038593 	 457.03953418462714 
46729.09734656538 	 488.72294799038593 	 457.03953418462714 
46735.18788573492 	 488.72294799038593 	 457.03953418462714 
46864.77695140846 	 488.72294799038593 	 457.03953418462714 
46810.28923227712 	 488.72294799038593 	 457.03953418462714 
46867.15615992318 	 488.72294799038593 	 457.03953418462714 
46876.256096875586 	 488.72294799038593 	 457.03953418462714 
46933.3546062555 	 488.72294799038593 	 456.99927623418733 
46908.81055022942 	 488.72294799038593 	 457.03953418462714 
47149.89678195854 	 488.72294799038593 	 457.03953418462714 
47326.38707711152 	 488.72294799038593 	 457.03953418462714 
47367.27976059893 	 488.72294799038593 	 457.81616054167506 
47468.5072468147 	 488.72294799038593 	 457.81616054167506 
47447.047145454446 	 488.72294799038593 	 457.81616054167506 
47535.94964530005 	 488.72294799038593 	 457.81616054167506 
47728.69294831111 	 488.72294799038593 	 461.5105424427297 
47823.405403276505 	 488.72294799038593 	 461.06752510877794 
47870.24087861816 	 488.72294799038593 	 461.71348159646124 
47833.7293826129 	 488.72294799038593 	 467.35602883061404 
47852.724889188816 	 488.72294799038593 	 468.5352919613247 
47895.564551499 	 488.72294799038593 	 468.632713994024 
48000.60914215958 	 488.72294799038593 	 470.79718239561146 
48080.217942420655 	 488.72294799038593 	 470.79718239561146 
47999.9356099313 	 488.72294799038593 	 470.79718239561146 
48028.525976118675 	 488.72294799038593 	 470.79718239561146 
48036.92074920315 	 488.72294799038593 	 470.79718239561146 
48079.08323453681 	 488.72294799038593 	 471.4264267645344 
48098.97835573775 	 488.72294799038593 	 470.9635844227388 
48132.783985154274 	 488.72294799038593 	 470.9635844227388 
48076.98005039126 	 488.72294799038593 	 477.5158422833503 
48128.231124035956 	 488.72294799038593 	 477.5158422833503 
48152.97589507118 	 488.72294799038593 	 477.5158422833503 
48134.158779331905 	 488.72294799038593 	 477.5158422833503 
48169.98926513274 	 488.72294799038593 	 477.5158422833503 
48179.947263635724 	 488.72294799038593 	 479.0578469211581 
48224.96408114031 	 488.72294799038593 	 479.0578469211581 
48220.75612743967 	 488.72294799038593 	 479.6870912900811 
48208.747871503045 	 488.72294799038593 	 479.22424894828544 
48261.9570767392 	 488.72294799038593 	 479.22424894828544 
48208.36122183154 	 488.72294799038593 	 479.6870912900811 
48249.36725956551 	 488.72294799038593 	 479.6870912900811 
48231.8057886945 	 486.84731511370626 	 479.6870912900811 
48247.04464967128 	 488.72294799038593 	 479.6870912900811 
48263.88025318732 	 488.72294799038593 	 479.6870912900811 
48250.68994987974 	 488.72294799038593 	 479.6870912900811 
48281.94799735618 	 488.72294799038593 	 479.6870912900811 
48266.68952885398 	 488.72294799038593 	 479.6870912900811 
48241.97252463599 	 488.72294799038593 	 479.6870912900811 
48192.85002807804 	 488.72294799038593 	 479.6870912900811 
48204.89040224372 	 488.72294799038593 	 479.6870912900811 
48224.52657064957 	 486.84731511370626 	 479.6870912900811 
48228.9139318089 	 486.84731511370626 	 479.6870912900811 
48261.408194409 	 486.84731511370626 	 479.6870912900811 
48289.54679168308 	 488.72294799038593 	 479.6870912900811 
48296.09832914555 	 488.72294799038593 	 479.6870912900811 
48341.65423265917 	 488.72294799038593 	 479.6870912900811 
48409.91661751484 	 488.72294799038593 	 479.6870912900811 
