sum_fit 	 max_fit 	 min_fit 
39858.592843332946 	 472.92014424972007 	 328.3279616924432 
40217.761481639 	 471.36002452729184 	 325.76491139936815 
40589.87207555961 	 474.78180573783584 	 329.6751698179011 
40811.24484074804 	 478.25647699717047 	 336.6613154556327 
41001.22420030671 	 476.66945917097416 	 338.5771056054752 
40958.915951222545 	 477.63687184937345 	 344.8990815715994 
41073.93753351118 	 482.9727768352402 	 342.69711083770153 
40952.01175737738 	 476.2054429454197 	 345.59729014867537 
41153.7016214955 	 474.93792708216245 	 340.51968379185206 
41260.22179918503 	 476.3362608807003 	 341.9273681294211 
41186.67571067743 	 472.46199939914584 	 339.65085658344077 
41173.68922712143 	 478.9494160196784 	 340.963058516236 
41192.41159718597 	 480.4953574693877 	 339.8006921484688 
41605.60846074208 	 480.73313255870767 	 344.85285842303335 
41670.43858453857 	 481.1943366461164 	 352.28264815152284 
41892.318613141884 	 473.89150038606215 	 356.6466491721203 
41691.73635017501 	 474.2527788175794 	 351.06449313131213 
41991.77191032099 	 478.67733891471016 	 347.554897147362 
42242.443011571275 	 479.1580827606357 	 356.0009396016 
42387.159319092374 	 479.9734883798361 	 337.5509866387673 
42583.40465254469 	 480.1050239933976 	 344.8482355843597 
43268.487232758074 	 481.97456280357676 	 352.0979359033532 
43624.79628513276 	 485.5745717137047 	 370.5553900085502 
44193.81384795759 	 485.76603694408743 	 378.7535896696278 
43899.29058152826 	 485.76603694408743 	 383.015808802479 
43659.960284633766 	 485.76603694408743 	 378.24502725443756 
43647.31402336118 	 484.276211744222 	 382.7593280614911 
43696.13537592442 	 484.6002539295862 	 386.3842879905551 
43912.26870239248 	 481.5655247209038 	 389.5768523760797 
44261.009521282314 	 482.9689778541947 	 389.9132497149586 
44384.11804894645 	 483.3363142225868 	 390.8252491032711 
44531.068334000505 	 483.7945046428971 	 386.50278429964885 
44479.04412713676 	 483.9846157647893 	 387.24385850269823 
44323.72781931425 	 484.664685720163 	 390.9534625257598 
44581.46001042171 	 484.7177357977431 	 392.18044049759396 
44555.59696490965 	 484.7177357977431 	 389.6262779021911 
44938.95189093613 	 484.7177357977431 	 390.9872130253637 
45320.91771208504 	 484.25814335059374 	 391.6626549120551 
45173.22689274492 	 484.25814335059374 	 392.9615079482456 
45152.36046756727 	 484.3026917366956 	 400.03003088977346 
45187.66169896429 	 484.3026917366956 	 398.83251665247866 
45407.09913919449 	 484.3026917366956 	 399.8353380884263 
45329.815545054895 	 484.3026917366956 	 400.93694400234966 
45608.094561905644 	 484.11656502327935 	 400.9765918543115 
45664.6662573594 	 484.3026917366956 	 408.2765204937563 
45665.443077323216 	 483.8610432961393 	 399.6082647442766 
45903.97063617129 	 483.9535545927781 	 418.93409800697293 
45964.84119663191 	 484.20295073058276 	 413.3197915913907 
45967.99876420358 	 484.28087551185035 	 422.8219379052191 
45814.347754921066 	 484.28087551185035 	 422.67196759611033 
45978.97058792268 	 483.0964730784742 	 417.23969117054116 
46059.093381781924 	 483.708628547951 	 429.86222213047756 
46000.45204766219 	 483.71161146980626 	 423.70562259632135 
45970.0120532792 	 483.71161146980626 	 436.6604511112921 
45863.82389324019 	 483.345620974094 	 436.1364203781388 
45886.404265112345 	 483.345620974094 	 437.91898267901524 
45970.14320398306 	 482.91269431677745 	 437.09194382635513 
46033.21403657717 	 482.6246286023329 	 437.09194382635513 
46066.933473129124 	 482.68527722101464 	 437.09194382635513 
46369.7034837694 	 482.6953451068946 	 440.6092955405876 
46637.55711840306 	 482.91088460962555 	 443.46336635991406 
46773.4369235563 	 482.68450889603434 	 443.33961252505975 
46838.43260090532 	 483.3479656627221 	 446.3121773210262 
47043.06663881627 	 483.2767182801326 	 444.0433888348447 
47053.7897248229 	 483.4826178992075 	 449.9764773175885 
47229.16455695071 	 484.51370562916156 	 450.431927643211 
47203.361872330286 	 484.51370562916156 	 455.64014271918256 
47206.33087306797 	 484.51370562916156 	 454.7459872409348 
47180.559566005264 	 484.33830966674407 	 453.69512833383124 
47234.35332245901 	 484.33830966674407 	 453.80785732441905 
47174.525208441555 	 484.54097299162436 	 453.6757305493775 
47274.836028548016 	 484.54097299162436 	 455.77857280045714 
47314.9003871475 	 484.54097299162436 	 453.0284499324566 
47355.598771010074 	 484.54097299162436 	 455.3410011957749 
47446.6928738416 	 483.08051918029423 	 457.1983722196853 
47475.97425137267 	 483.08051918029423 	 458.6081503942014 
47439.79447961209 	 484.54097299162436 	 459.0613278606414 
47322.51291928421 	 484.54097299162436 	 455.65959372689395 
47418.264746412584 	 484.54097299162436 	 454.8440986656732 
47389.11627135117 	 484.54097299162436 	 452.9975728397967 
47370.429492052404 	 484.54097299162436 	 455.0783616042022 
47392.66878298153 	 484.54097299162436 	 456.1813845387401 
47403.76672869452 	 484.54097299162436 	 456.1813845387401 
47482.02867908139 	 484.54097299162436 	 457.0167727932337 
47532.30949844961 	 484.54097299162436 	 456.5334953752812 
47578.282487217104 	 484.54097299162436 	 458.2695044683845 
47530.34889737045 	 484.54097299162436 	 456.60491512645126 
47612.17763017421 	 484.54097299162436 	 457.97581913618785 
47526.314091982 	 484.54097299162436 	 457.3643322025631 
47595.716375102944 	 484.54097299162436 	 457.6667792161363 
47694.035214455405 	 484.54097299162436 	 462.22148052458306 
47561.563748352826 	 484.54097299162436 	 461.93810322252864 
47647.717195124846 	 484.54097299162436 	 457.33962165242485 
47540.17398422191 	 484.54097299162436 	 456.00537864272087 
47644.76103637295 	 484.54097299162436 	 463.06217104613006 
47674.61770063277 	 484.54097299162436 	 463.06217104613006 
47662.90455063768 	 484.54097299162436 	 462.2991025790802 
47620.16464698752 	 484.54097299162436 	 462.53513104506817 
47659.99389953187 	 484.54097299162436 	 462.2991025790802 
47650.91317587084 	 484.54097299162436 	 462.2991025790802 
