sum_fit 	 max_fit 	 min_fit 
39594.16965427003 	 467.86138741286146 	 327.00842039198835 
39716.1847192296 	 466.98612013635983 	 330.9116458301801 
39991.2607345007 	 465.1213307631233 	 338.08127746221714 
40418.19595441094 	 471.4610678642448 	 337.9864133456693 
40445.97964984153 	 474.1462602143075 	 337.241920080643 
40822.8010066788 	 474.66784451817705 	 339.8250265484994 
41210.52406726031 	 475.34124459312966 	 341.01067290480523 
41563.50244362473 	 478.7953913670011 	 349.80366996409816 
42058.537980608504 	 478.7953913670011 	 359.0549864631819 
42160.683407966244 	 480.95175379775617 	 358.5851478998394 
42488.55009269988 	 482.68945831560245 	 364.36245634482486 
42850.652184973995 	 482.1730328205876 	 365.1418093673501 
42633.54847920196 	 482.3035323428518 	 372.5796706542816 
42820.54828887338 	 484.03146237855026 	 369.5244828383911 
42953.29999245923 	 484.8927024945658 	 367.7513741794073 
43317.83851066856 	 485.3957881139949 	 373.8841348981579 
43714.63971136997 	 481.94436310069494 	 370.3911199104191 
43665.36123111399 	 482.8912530682798 	 372.73607753297745 
43450.16175349322 	 482.8912530682798 	 378.6915807563878 
43704.083517665844 	 483.2787679892873 	 390.34157323234444 
43602.96221559521 	 483.17398623850994 	 390.1345012459193 
43336.609381300295 	 483.09704887924875 	 373.1238436312037 
43157.97814245046 	 483.69066365533524 	 373.6579452479173 
43516.51977403481 	 483.69066365533524 	 380.81092885771665 
43342.66938630515 	 483.6207004324981 	 387.40816171652637 
43774.539813156516 	 483.6912249405424 	 387.012373037845 
43934.92235505468 	 483.0062239116281 	 387.0942623667503 
43948.17309088569 	 483.41789492816963 	 385.1788467002954 
44815.634852987016 	 484.0581804445254 	 388.9720238531785 
44945.288439815304 	 484.805071838042 	 392.4111910555216 
45303.51230040574 	 484.24601346566135 	 392.2919289218946 
45687.33469348449 	 484.5089923473424 	 399.99513421473443 
45853.177725510104 	 484.6968253684784 	 411.8699568134091 
45911.103163271044 	 484.35858577326667 	 406.34405837614463 
45920.869391501954 	 484.35858577326667 	 412.2514835654425 
45905.040855077794 	 484.6046159373466 	 406.82920888776727 
45888.65303233681 	 483.5356567555513 	 400.55132600838544 
45990.15376809313 	 483.99569043627207 	 412.53193419399076 
46042.05780245802 	 483.99569043627207 	 420.11315561859726 
45957.53775418858 	 484.763911880152 	 414.89348562519075 
45872.03645480734 	 485.1982307134331 	 418.8398984239415 
46021.66066136729 	 484.4597909971266 	 423.9423767815635 
46076.186617645595 	 484.4597909971266 	 419.9468113456801 
46130.05756916135 	 484.54865885180374 	 420.9631667029274 
46133.75176265917 	 484.38982777428953 	 417.7954509870276 
46144.3642887725 	 484.54865885180374 	 416.1527792144657 
46161.95988410595 	 484.54865885180374 	 419.7740605114379 
46335.54162669204 	 484.54865885180374 	 418.687100649712 
46163.96644259923 	 484.54865885180374 	 419.3486839941001 
46161.33380185207 	 484.3125757063083 	 418.91989178516303 
46124.542729217836 	 484.3125757063083 	 418.1030002739006 
46196.943495646694 	 484.3125757063083 	 431.3946234785203 
46202.78262304267 	 484.3125757063083 	 431.7089008580046 
46117.263972494184 	 484.2426124834712 	 431.105053059648 
46134.80438888756 	 484.3125757063083 	 429.37070555029277 
46075.5194969233 	 484.3125757063083 	 430.39313411842215 
45971.64387092254 	 484.3125757063083 	 428.6908079192797 
45859.84822868123 	 483.85232281999043 	 431.4019426157935 
46019.11125560518 	 483.7823595971534 	 431.4019426157935 
46115.58999285735 	 483.7823595971534 	 431.4019426157935 
46155.67585987002 	 483.7823595971534 	 431.8215459602859 
45990.06392423286 	 483.85232281999043 	 431.0201972346837 
45898.256796182104 	 483.85232281999043 	 430.444130734929 
46179.610450065826 	 482.7662437826252 	 433.17119261185917 
46272.87388532281 	 482.9631804381086 	 431.9104566133774 
46300.62862741136 	 483.0331436609457 	 430.821331244837 
46160.92246985363 	 483.0331436609457 	 431.3336682892766 
46034.39460704333 	 483.0331436609457 	 441.11521883488933 
46094.5662651788 	 483.0331436609457 	 432.5574788538554 
46221.49586726863 	 484.3125757063083 	 432.25300812632565 
46435.989729800465 	 484.3125757063083 	 433.0277694905403 
46447.89114096608 	 484.3125757063083 	 432.0454765941005 
46389.33524871494 	 484.3125757063083 	 432.03485869762835 
46544.495575970985 	 484.3125757063083 	 440.2007890703853 
46678.068925665015 	 484.3125757063083 	 439.74123607159606 
46743.071961848735 	 484.3125757063083 	 439.7886989183139 
46757.89672498888 	 484.3125757063083 	 440.44051669678447 
46893.5806824982 	 484.3125757063083 	 441.01180381259985 
46912.53028798118 	 484.3125757063083 	 445.36773707345685 
46842.827670236235 	 484.54865885180374 	 445.169283131813 
46767.45309590035 	 484.54865885180374 	 445.1612736807149 
46769.43973564349 	 484.54865885180374 	 444.2742935159175 
46832.70793691963 	 484.54865885180374 	 444.9172374698883 
46889.65855871678 	 484.54865885180374 	 444.9172374698883 
46962.296978091625 	 484.54865885180374 	 446.32391460359224 
47029.75674129979 	 484.54865885180374 	 446.786792391144 
46977.12752182834 	 484.54865885180374 	 446.56994870866606 
46918.94848230832 	 484.54865885180374 	 446.56994870866606 
46983.69479552579 	 484.54865885180374 	 447.1755196818373 
47102.920498921725 	 484.54865885180374 	 447.0246356665591 
47181.79705290281 	 484.54865885180374 	 447.0126435607127 
47216.289456285755 	 484.54865885180374 	 449.9762445035069 
47255.18980289686 	 484.54865885180374 	 451.74977202968216 
47295.80181689597 	 484.47869562896665 	 451.8802200267028 
47236.75429920511 	 484.47869562896665 	 454.6613294880349 
47244.681375544715 	 484.54865885180374 	 454.81176155817957 
47393.19084870206 	 484.54865885180374 	 457.3674343204789 
47359.40300593504 	 484.54865885180374 	 457.3772227135595 
47375.788848961914 	 484.54865885180374 	 457.35800839053456 
47363.95311876395 	 484.54865885180374 	 457.9565160095133 
