sum_fit 	 max_fit 	 min_fit 
39933.665281520036 	 470.8683728182473 	 321.16058861567376 
40291.37793011278 	 475.34349732290957 	 331.63437444789906 
40691.16406224686 	 480.3181925359993 	 330.630003535196 
40843.93813957245 	 480.3181925359993 	 331.37364199078024 
41434.53047003556 	 480.3181925359993 	 338.7888975930849 
41448.71080874765 	 486.25648843299723 	 348.6638567349503 
42177.99195986644 	 486.2401844844215 	 360.2439275410522 
42451.480311473475 	 487.4827467461103 	 356.3974025756819 
42961.287997107436 	 489.7025763648634 	 352.62542122655344 
43078.74996144161 	 490.7623258836381 	 364.0072090958124 
43301.79421488168 	 492.9557128828956 	 365.3727206863821 
43455.19966540462 	 493.01159787421767 	 367.04163686886204 
43629.47230498855 	 493.3545015654123 	 378.1813196219882 
43746.456340166565 	 493.3545015654123 	 380.3227199254969 
44644.33081994948 	 493.3545015654123 	 383.53697016122237 
44825.08295072601 	 493.3545015654123 	 391.6605208506774 
44608.21139887444 	 493.3545015654123 	 396.9836456488856 
44755.0815032699 	 493.3545015654123 	 393.245124763258 
44620.71247115177 	 493.3545015654123 	 392.85127330480395 
44776.75798510186 	 493.9115505503609 	 392.5105694770743 
45443.62611236558 	 493.9115505503609 	 394.33406270608054 
45749.01301179827 	 493.9115505503609 	 395.4294782179571 
45922.56420224358 	 493.9115505503609 	 394.7849089198417 
46582.965150911295 	 493.9115505503609 	 394.5586117380562 
46822.89102034908 	 493.9115505503609 	 402.8727618078818 
46709.33290591002 	 493.9115505503609 	 403.27952568592735 
46892.577505340174 	 494.0617487820821 	 402.6140093158136 
47189.36621489169 	 494.408518726516 	 402.825245453352 
47189.24891132139 	 494.408518726516 	 421.657463030387 
47567.87538603033 	 494.652833811173 	 423.5420455935797 
47577.03279659465 	 494.652833811173 	 435.0369385026587 
47497.59925055131 	 494.652833811173 	 437.4571660100238 
47849.88085218687 	 494.652833811173 	 450.4757068930086 
48059.19965099892 	 494.6769514023351 	 451.85350065512023 
48039.60309052281 	 494.6769514023351 	 451.0336798140187 
48193.64325855387 	 494.6769514023351 	 450.994594451112 
48346.846094627625 	 494.6769514023351 	 450.994594451112 
48434.17517736707 	 494.6769514023351 	 451.85350065512023 
48636.84108133645 	 494.6769514023351 	 452.4480335577779 
48651.23089228483 	 494.6769514023351 	 452.8514522240424 
48665.603914882115 	 494.6769514023351 	 451.39801311737654 
48700.23307079746 	 494.6769514023351 	 452.8514522240424 
48729.69216842888 	 494.6769514023351 	 453.5204835862024 
48789.50536359449 	 494.6769514023351 	 467.6843207696695 
48805.498767070705 	 494.6769514023351 	 468.03151432019877 
48774.192869666906 	 494.6769514023351 	 468.8155328116547 
48797.29692351757 	 494.6769514023351 	 468.8155328116547 
48754.03561914984 	 494.6769514023351 	 468.03151432019877 
48721.657837273466 	 494.6769514023351 	 468.03151432019877 
48633.282246664225 	 494.6769514023351 	 468.03151432019877 
48558.44992472216 	 494.6769514023351 	 474.98116415237763 
48736.27429854096 	 494.6769514023351 	 474.98116415237763 
48993.56151058794 	 494.6769514023351 	 474.98116415237763 
48876.72309340747 	 494.6769514023351 	 474.98116415237763 
48897.74921740922 	 494.6769514023351 	 477.17277103417683 
48866.04714254803 	 494.6769514023351 	 477.17277103417683 
48867.748237965505 	 494.6769514023351 	 477.17277103417683 
48952.49169865018 	 494.6769514023351 	 481.36921052084364 
49032.90973063955 	 494.408518726516 	 482.0648770564647 
49106.329301652295 	 494.408518726516 	 482.0648770564647 
49153.87945010804 	 494.408518726516 	 482.0648770564647 
49228.272869628214 	 494.408518726516 	 482.0648770564647 
49261.44907028717 	 494.408518726516 	 482.0648770564647 
49236.621352903465 	 494.408518726516 	 486.7782854898832 
49223.72118530114 	 494.408518726516 	 486.7782854898832 
49223.9794004578 	 494.408518726516 	 486.7782854898832 
49200.1441122109 	 494.408518726516 	 486.7782854898832 
49199.186611083285 	 494.408518726516 	 486.7782854898832 
49187.1896815885 	 494.408518726516 	 486.7782854898832 
49157.54573520675 	 494.408518726516 	 486.7782854898832 
49211.2763337444 	 494.408518726516 	 486.7782854898832 
49178.10663053777 	 494.408518726516 	 486.7782854898832 
49166.72545118011 	 494.408518726516 	 486.7782854898832 
49230.76370870597 	 494.408518726516 	 486.7782854898832 
49261.81659886561 	 494.408518726516 	 486.7782854898832 
49290.42138561297 	 494.408518726516 	 486.7782854898832 
49281.148852001155 	 494.408518726516 	 486.7782854898832 
49234.309694666335 	 494.408518726516 	 486.7782854898832 
49251.25319433497 	 494.408518726516 	 486.7782854898832 
49230.68386824563 	 494.408518726516 	 486.7782854898832 
49272.78629624333 	 494.408518726516 	 486.7782854898832 
49255.07746820164 	 494.408518726516 	 486.7782854898832 
49211.88441934927 	 494.408518726516 	 486.7782854898832 
49232.058506722344 	 494.408518726516 	 486.7782854898832 
49208.41792243032 	 494.408518726516 	 486.7782854898832 
49224.87200907041 	 494.408518726516 	 486.7782854898832 
49195.9876782566 	 494.408518726516 	 486.7782854898832 
49195.62961952082 	 494.408518726516 	 486.7782854898832 
49218.33455915145 	 494.408518726516 	 486.7782854898832 
49189.91971100937 	 494.408518726516 	 486.7782854898832 
49170.261204853334 	 494.408518726516 	 486.7782854898832 
49161.65097068975 	 494.408518726516 	 486.7782854898832 
49264.09779396847 	 494.408518726516 	 486.7782854898832 
49196.815704482535 	 494.408518726516 	 486.7782854898832 
49211.30730039078 	 494.408518726516 	 486.7782854898832 
49219.97682430452 	 494.408518726516 	 486.7782854898832 
49203.653512797464 	 494.408518726516 	 486.7782854898832 
49200.28338993816 	 494.408518726516 	 486.7782854898832 
49145.947002112705 	 494.408518726516 	 486.7782854898832 
49163.30457321317 	 494.408518726516 	 486.7782854898832 
