sum_fit 	 max_fit 	 min_fit 
39682.11345013564 	 477.4130382083292 	 314.25922436861083 
40324.180911928044 	 477.6122218626314 	 327.4121493396379 
40594.2103331019 	 482.06481985834637 	 326.0205080524478 
40840.55488547736 	 482.8647595284309 	 329.9948805720726 
40657.676276687656 	 485.0906966805246 	 335.08719568774006 
40916.9203444713 	 482.69553178176625 	 338.1106103932807 
40896.90376325597 	 484.2268494681713 	 340.77845871936427 
41027.132051756445 	 484.642342315385 	 348.18295761896405 
40963.08609479384 	 478.9545019458144 	 341.31039142167 
41078.503987507385 	 484.53105991892744 	 347.7108846348733 
41163.68983177989 	 482.5925633381734 	 349.45156639822926 
41603.25062547465 	 486.9017470283759 	 349.31334119618333 
41628.255979061534 	 486.685226446902 	 349.06504624138427 
41900.51503391683 	 484.1181956287422 	 356.2543800428167 
41725.8679208009 	 485.7112270086926 	 348.53289014252516 
41830.21258199758 	 487.1860848791488 	 352.0641339908218 
42549.05888038857 	 487.63986894107313 	 355.37223137952526 
42785.81035290199 	 487.6507775213396 	 362.0334058732881 
43018.57142062701 	 487.8673680221482 	 360.7684141708313 
43294.20429027296 	 490.8206937431631 	 349.6755620677011 
42990.45909530291 	 489.5531688441906 	 357.3284758180685 
43334.93626896391 	 489.5531688441906 	 358.2802918295249 
43192.3402793489 	 489.5531688441906 	 361.0486353054302 
43053.790559792076 	 486.6328517941197 	 351.1290703284311 
42836.07231995271 	 486.7736077615151 	 357.933947426023 
42927.7536842343 	 488.88723280981503 	 358.7141970491866 
42911.32782756489 	 489.58791914859717 	 353.19385700560656 
42747.34390990397 	 489.5274725986968 	 360.7209946332899 
42632.67544350478 	 488.2433974766283 	 364.0587644773517 
42985.98970860506 	 489.03806675250325 	 363.66611243728175 
43288.707640020366 	 489.2008350246823 	 364.2011625714697 
43925.84834285993 	 490.41252124541734 	 367.2418120552584 
43763.64679596285 	 488.83722375447087 	 369.1507966534423 
43857.80637797559 	 489.39911613537834 	 373.54433105330247 
43929.67742561875 	 490.97033359943305 	 372.9597244722661 
43964.13081207969 	 484.5178890427478 	 379.3324944111931 
44337.78286027316 	 488.710809656974 	 392.01022943911903 
44585.475935899914 	 489.571292661598 	 386.37324073957313 
44773.05092044626 	 489.73985897501643 	 393.8501443137209 
45062.256290422185 	 490.72957458046403 	 407.7011910566241 
45050.13902472684 	 492.3517073483507 	 403.05602052951554 
44853.73580016966 	 488.79105338631837 	 402.45719816340204 
45119.2901794717 	 489.20399393295224 	 398.5899116559595 
45108.520246576205 	 488.50861034673767 	 399.8731314090239 
44975.01749520961 	 490.77073228320774 	 403.50007102926884 
45040.50626221164 	 488.42513437075183 	 403.7923818865121 
44941.14984321922 	 488.17337202616204 	 405.78669055833194 
45003.30187405391 	 487.7144977265017 	 402.7362465029729 
44927.40539615319 	 487.95603465652596 	 404.22035816016233 
44961.944653382794 	 488.0507308514286 	 403.7015021524401 
45002.47176768212 	 487.7972012228755 	 404.0124929956278 
45237.272853450646 	 488.76348426509844 	 401.53688385783823 
45213.47681536239 	 491.5750040137674 	 407.3135679174787 
45210.01119897717 	 491.0356809605828 	 408.9340292638009 
45201.37117380454 	 491.1672729548651 	 398.6196766316583 
45315.42329490106 	 490.9896122505104 	 408.4803481669269 
45308.84271317477 	 491.34227276650665 	 405.63781905444233 
45295.90323462025 	 490.47204830775513 	 408.07835398616527 
45482.920043597886 	 490.29101888420325 	 407.8336348896764 
45536.8970216735 	 490.6280854135533 	 412.00258893531543 
45406.611362861884 	 489.9247847608574 	 418.4512383950423 
45719.926113177426 	 490.0647841844991 	 412.8745970408497 
45339.01838226956 	 489.4793702386579 	 413.17735839894516 
45372.2888734736 	 490.1341096371141 	 412.25283919883987 
45521.58003032558 	 490.40041202697194 	 418.47855659398374 
45692.251842058264 	 490.79911148475003 	 414.8840877476858 
45505.118243784484 	 491.1936251725789 	 414.2172750177042 
45158.66949540345 	 491.00439788717836 	 415.02845814678903 
45471.70170108111 	 490.4609739471 	 411.71633881004647 
45526.75444098039 	 490.6199920729241 	 413.06125602967705 
45365.801422429766 	 490.463293051747 	 413.85033020459184 
45764.937330466724 	 491.1568361444889 	 417.76742770237377 
45702.421035438456 	 491.19458951111756 	 421.5399533866081 
45492.80716286895 	 490.95931282925574 	 413.6497922224102 
45413.06369341444 	 489.90165874013803 	 417.981345986771 
45698.39724227681 	 489.74551402202485 	 421.004948315751 
46236.235287243006 	 490.20507439988444 	 419.3250488755874 
45763.60264574858 	 491.19604389938957 	 418.8890332613388 
45780.80825195472 	 491.0404202270099 	 420.40316523836 
45973.89624990396 	 490.74900111850536 	 417.444507824325 
45981.792924559086 	 490.65127105952786 	 419.9644395785077 
46174.51209195456 	 491.19374733488496 	 417.5599677292739 
46124.09791794534 	 490.68627194426483 	 417.1511390863959 
45865.47883529828 	 489.2424955924881 	 421.6701345038633 
45604.19799538284 	 491.54349210517285 	 419.1829258801662 
45985.00054144401 	 491.1424226115814 	 419.556371085959 
45904.002225759585 	 491.60039540309776 	 421.41940262407 
45805.84376120196 	 490.5377875009333 	 422.2092111028012 
45920.869919990575 	 491.2892586362086 	 421.053877307472 
46034.29735217049 	 491.10640398332305 	 423.7865456310825 
45855.322399972 	 490.08087438223527 	 422.53124302063907 
46140.548080265246 	 490.9142610550422 	 422.0691019414609 
46245.84539251913 	 490.9894049493879 	 423.9533157349442 
46233.722168317196 	 491.0400738176162 	 419.97122713683063 
46215.039477553604 	 490.6925959294024 	 421.069516572657 
46044.50223321511 	 490.38730248659874 	 424.14432709876667 
46177.88104351751 	 491.0342837759513 	 427.5496869933662 
46170.268556286435 	 491.466738216727 	 426.04759345798607 
46016.91479629563 	 491.773412257142 	 426.59189422990517 
46000.05487781812 	 491.773412257142 	 431.7033112774054 
