sum_fit 	 max_fit 	 min_fit 
39999.87357733398 	 475.39457572598315 	 331.29412709880114 
40024.68786009366 	 474.31130258319195 	 337.20240675460457 
40359.16521124422 	 480.27265797816557 	 334.04900619281796 
40830.687148362704 	 472.5680329015552 	 331.7774752660483 
41054.3274003259 	 474.6126719816744 	 338.6441893230403 
41116.727823537454 	 479.1413613197688 	 336.7650408148815 
41604.35116543363 	 479.5960894733787 	 334.0915020279491 
41671.77769643818 	 485.3704035459235 	 337.04191522448616 
41831.74668750252 	 486.5895668036291 	 346.5567929618702 
41872.47825870069 	 486.5895668036291 	 344.4317655978268 
42355.18494145003 	 488.0670288956262 	 349.7457786528855 
43267.76665653322 	 488.6022833494104 	 352.9290073528203 
43255.08606114769 	 489.29200837928374 	 366.8394711798276 
43465.239617528154 	 490.4996771264895 	 370.1571226281426 
44174.81325757265 	 489.9302854424782 	 379.75177097083457 
44106.8265582984 	 490.1908785256014 	 370.2562025323928 
44177.915748082145 	 491.8811584422124 	 373.39365086763684 
44304.30902145563 	 491.8811584422124 	 374.9123648702612 
44500.44466981331 	 492.3774178717357 	 385.8186033458218 
44790.7238699095 	 491.90253552211027 	 385.9908779441548 
44840.39781001797 	 493.19960164630766 	 388.37805135471274 
45144.27689418664 	 492.2420864254872 	 384.69579725684355 
45398.8872092566 	 492.655414086153 	 393.5163700504087 
45271.22110093762 	 493.65255077956203 	 393.8466902158423 
45530.971025331855 	 493.4122850525072 	 394.9604503616915 
45628.80371878302 	 494.07544257971824 	 399.13493464869055 
45550.590260145545 	 494.6753253996494 	 397.39709940332295 
45721.476801364544 	 494.35808476670894 	 396.4514541353102 
45837.359586025195 	 494.9591405664487 	 398.0661279431632 
45919.648039284206 	 494.52771483015385 	 406.81255431150146 
46088.10420800587 	 494.4414326894291 	 420.27472058767245 
46173.81958921898 	 494.7783192695049 	 419.4600753945384 
46085.79818579094 	 494.7042918240702 	 425.8989509578758 
46130.59175551313 	 495.52677284096944 	 429.47464178428805 
46215.28883091193 	 495.80056773791773 	 423.77904683254144 
46456.76226883187 	 495.80056773791773 	 424.47729293220294 
46570.27919766216 	 496.3681196465865 	 422.065451790946 
46824.59389675183 	 495.8751441583298 	 433.84716681693925 
46917.513539383785 	 495.6453529446936 	 431.98648287635035 
46922.22478353292 	 496.13146463499675 	 432.2192125885009 
47137.31620733676 	 495.6453529446936 	 435.42900964078063 
47264.66483995889 	 496.8817443799486 	 439.66756039334314 
47126.19712050232 	 496.8817443799486 	 434.5737699329454 
47133.00762656258 	 496.7420837630393 	 434.45120707513956 
47293.157769314785 	 496.1923215495001 	 438.19702927119107 
47253.50617426829 	 496.3304245205287 	 439.5217451086186 
47312.60952041045 	 495.98705266753245 	 445.2559738452745 
47275.949297739084 	 496.32450915055927 	 445.81747716009767 
47324.854712100896 	 496.53450365596973 	 445.48619978949284 
47460.54563646322 	 496.53450365596973 	 445.82590356279024 
47590.88695224072 	 496.40524128154937 	 446.8679666391405 
47453.07656125122 	 496.12043001511825 	 446.4878238908569 
47407.64478686123 	 496.1952467761389 	 447.58862819904755 
47495.582359800625 	 496.40524128154937 	 448.73996304155423 
47351.38423689311 	 496.5591829690476 	 448.08055535986546 
47400.86635945913 	 496.5591829690476 	 448.4017830081061 
47327.24611642021 	 496.5258513959318 	 448.1190602902657 
47428.50351932282 	 496.5258513959318 	 446.47914148483585 
47273.39322949175 	 496.22124386032635 	 449.0448945184711 
47347.293914266804 	 496.17054203891087 	 447.93800267493486 
47357.64795798369 	 496.1888615606798 	 448.4817086349613 
47292.69004647745 	 495.9896746464033 	 449.31644840682407 
47282.97800249435 	 496.22124386032635 	 448.33962524483013 
47360.38569017736 	 496.5011720828538 	 449.58487389722086 
47366.801965274826 	 496.5011720828538 	 448.25409370666483 
47360.57401696565 	 496.5258513959318 	 448.0832191756133 
47465.19849826404 	 496.5258513959318 	 448.65224517418665 
47458.10670974323 	 494.72617832897686 	 450.64437914709447 
47559.32209416594 	 495.2369964136558 	 451.08793094407116 
47614.53926118045 	 494.93329218263 	 451.1208154690803 
47719.06966015285 	 495.38106387500136 	 449.9233764486834 
47637.82279999407 	 494.4470691255922 	 447.78861877448924 
47523.076098888225 	 494.8240235057816 	 449.92264892394894 
47602.0509823232 	 494.8240235057816 	 451.2460011879989 
47664.17371695564 	 495.9738155452545 	 452.9105408939984 
47787.35868879226 	 495.8669990632617 	 448.5526091430064 
47841.540408744026 	 495.9411068499759 	 457.3946520450424 
47879.36847465961 	 495.00679452278496 	 459.0123145760482 
47826.25643375968 	 495.9411068499759 	 457.70829072817685 
47672.391044543656 	 495.9411068499759 	 457.137473606547 
47631.0584534418 	 495.190536203733 	 457.2958740093152 
47711.24590600729 	 495.7512243144482 	 458.43034596080463 
47716.255052051754 	 495.7512243144482 	 458.65490020936954 
47765.75345540501 	 495.7512243144482 	 459.3112058626949 
47664.56403444895 	 496.5591829690476 	 458.6932630690076 
47641.18652162398 	 496.5258513959318 	 458.77587497615605 
47634.271563588074 	 496.5258513959318 	 460.31855356565643 
47678.57008434106 	 496.5258513959318 	 459.41123976872893 
47641.58318290408 	 495.74233939688463 	 460.2215269542285 
47593.03861574692 	 494.97346294966906 	 459.503449935346 
47676.50250105402 	 495.8906863041651 	 457.7076798359917 
47496.39832619819 	 495.8906863041651 	 459.6587766615445 
47541.12138440141 	 495.8906863041651 	 459.4667652937454 
47723.03278068307 	 495.90777527686 	 459.56253790317527 
47617.35551735768 	 495.57278700604184 	 459.85502616621517 
47613.40292093696 	 495.57278700604184 	 459.42594693770786 
47677.07184700783 	 495.5854564048981 	 459.30719549653213 
47652.96363862879 	 494.96665403420604 	 459.63668212084315 
47614.27724449555 	 494.75129329793833 	 459.6599169595596 
47645.09254150944 	 493.5731192845118 	 457.21575005942316 
