sum_fit 	 max_fit 	 min_fit 
40081.89310395381 	 467.6435049943125 	 312.64574628654447 
40400.04181437247 	 468.04911713667127 	 328.5846462903028 
40359.57899847153 	 467.2122069540884 	 326.77214235222624 
40618.11438207804 	 470.2058145438716 	 330.92059949381644 
40734.48765421885 	 470.13132652555396 	 335.758880476773 
40769.76803501023 	 471.9916535227132 	 348.3596009235045 
40945.47282545561 	 474.92152398854455 	 344.13052365972 
41088.71149708028 	 479.97743310888205 	 349.17841421077605 
41177.65474044393 	 480.6365686691816 	 353.5285832824487 
41116.221427723205 	 484.103447804456 	 346.0162559252989 
41262.72814003454 	 482.3661000990863 	 334.3839201245211 
41068.631107351845 	 482.0856195118929 	 353.8171716059916 
41635.08021419018 	 485.01034412993283 	 347.7968528294608 
41859.21586270137 	 482.22502120921666 	 356.40742629402484 
41671.39879683566 	 475.18515810941506 	 346.5660006928283 
41499.94495538817 	 479.7446877244428 	 351.43838868450223 
41450.914521062296 	 481.64928628369455 	 352.82384768024576 
41450.40361133814 	 476.94467682330173 	 350.8429618470889 
41580.35983357265 	 475.37722281019353 	 360.2568617167386 
41913.175195472606 	 477.8122933282407 	 355.64439765176905 
42647.84705140262 	 480.2728194936449 	 363.3200564395871 
42690.64669834517 	 478.9513207159615 	 366.06346350222157 
42935.403081217664 	 483.19977059746054 	 356.5165572246832 
43001.06449818472 	 482.7756109692083 	 367.68396028452065 
43498.12197707157 	 484.1301748848493 	 379.216892897721 
43823.605475978504 	 485.4923723698362 	 386.3338409983746 
43832.47250595896 	 486.0530162371539 	 373.4944868001447 
44237.1022631876 	 484.06625387422844 	 373.21793754585053 
44607.572880147854 	 485.4829752203774 	 395.0856265729382 
44273.952439139706 	 484.86293573859314 	 395.93249773936446 
44863.85780269466 	 483.9518536689444 	 401.8236725328417 
44605.91214815287 	 484.8432100217386 	 395.65978977490295 
44552.72158471857 	 486.16032319006933 	 395.43318887355105 
44583.6916536777 	 479.9630797843381 	 400.5556052518744 
44618.29627687779 	 482.6029155352914 	 395.33088800341807 
44530.36597945469 	 481.0337704438082 	 402.43901501252515 
44189.57919113504 	 477.82246571865915 	 402.07449848608104 
44288.95648155187 	 478.7496539157536 	 402.99778463410615 
44418.16566365576 	 480.1609901683527 	 401.69264489151163 
44804.67590361676 	 478.9581626650988 	 404.5646829928115 
44718.15308066887 	 480.046475040847 	 404.16351925454563 
44873.05111397935 	 480.6161301468698 	 403.0443300797753 
45126.5633817457 	 482.3673763690236 	 403.63851308053205 
45194.67161532266 	 482.3673763690236 	 408.8281502074531 
45247.3472470959 	 481.95056646479816 	 406.65864590522267 
45585.29583891873 	 484.2240705882801 	 406.1850206296985 
45573.1031887421 	 478.9590087603617 	 409.56236596135165 
45499.6025410779 	 477.610448143366 	 411.71550704747204 
45348.06640304334 	 482.7142815010359 	 414.32720266334604 
45614.21564881511 	 482.7142815010359 	 414.3940402775833 
45624.87309765177 	 481.44800912930793 	 408.16077220731137 
45427.01509416022 	 482.4849643779179 	 418.820646830093 
45374.011170949874 	 478.8380483959003 	 425.0815498976855 
45308.80871678172 	 479.60761585894795 	 427.2696026739159 
45272.06566483803 	 483.0377814003929 	 427.31703932488705 
45537.83145333671 	 482.27121959740697 	 427.22129367678883 
45481.96240568794 	 481.5690264312054 	 429.22023056852663 
45578.9493741754 	 474.27345605856993 	 430.4036144755814 
45555.32710608147 	 476.7457663882833 	 428.14917076155723 
45609.701462374294 	 478.4672955186926 	 430.98412386009625 
45531.86698582161 	 478.5587380896806 	 427.7107956515016 
45660.1445901815 	 480.4439569339239 	 432.4158964453952 
45675.526067065555 	 480.38930821288557 	 428.7072222378437 
45597.727913966446 	 480.6981513537878 	 428.60837520298594 
45650.015788903846 	 480.62127333998046 	 428.005967810479 
45562.53638293378 	 480.59566578089147 	 432.66507325272994 
45497.59641852479 	 477.9075057350792 	 428.76396639125437 
45524.71324910819 	 477.7609586639963 	 431.3289580120615 
45479.02381818767 	 479.49902174984436 	 431.9414486501419 
45645.6715735116 	 480.194327045741 	 430.73172688997374 
45536.04071473609 	 476.148281830054 	 429.93881474958016 
45591.36986379426 	 476.81834375620883 	 427.8761140976329 
45562.61134735502 	 479.6407678306922 	 428.63037050959537 
45591.029914826926 	 479.7827327043939 	 430.7722016690886 
45459.36252809995 	 474.49731663883756 	 428.64571231666406 
45566.32349287297 	 478.16766701853805 	 427.9135992861144 
45528.092996752865 	 477.5871994409009 	 428.62933545271085 
45567.61881726785 	 480.3942213716498 	 430.140871209968 
45405.439853331525 	 480.31504570962176 	 427.9194488979218 
45545.34134142903 	 480.31504570962176 	 426.1335591193407 
45626.28532283378 	 479.67478040556955 	 425.5295183892846 
45700.73604379821 	 479.68582541059914 	 429.1069370688384 
45726.217965515396 	 478.0727865985956 	 432.26460323849454 
45633.75174216318 	 477.5409240882109 	 429.23709070853346 
45737.92456230636 	 481.3030577359058 	 433.2575733499282 
45519.99659646525 	 479.08045882406964 	 427.8230171357499 
45675.98863448635 	 480.62288965396857 	 432.9029553209174 
45554.868002914096 	 481.80818408908715 	 428.9204004042381 
45529.39510483681 	 479.9494800492386 	 431.84693001983123 
45525.86965099914 	 482.1471073951144 	 433.47877300036606 
45521.5834676661 	 480.5718108514758 	 430.64694915677535 
45543.92682363811 	 476.6545178607829 	 429.66097320439513 
45655.184788001934 	 477.694112972025 	 433.51405084583047 
45777.549914002186 	 481.25054157765476 	 431.1069146212086 
45669.24145784085 	 481.52271410527345 	 433.70385273387126 
45646.27616528627 	 481.52271410527345 	 431.6317498413581 
45611.53685691522 	 480.6344541882497 	 431.363779990278 
45651.84804349993 	 476.83896494112173 	 433.66438724290447 
45676.86452503613 	 477.06326088073723 	 430.76908402099986 
45760.99427673062 	 480.60076970051324 	 435.59162600281877 
